0
1
2
2
2
2
2
2
2
2
2
2
3
3
3
3
3
3
3
3
4
4
4
4
4
4
5
5
5
5
5
5
5
5
5
5
5
5
5
5
5
6
7
8
8
9
10
11
12
13
13
14
15
15
15
15
15
15
15
16
17
17
17
18
19
19
19
19
19
19
19
19
19
19
19
20
21
21
21
21
21
21
21
21
22
22
20
23
24
25
20
20
20
20
20
20
20
20
26
26
26
26
26
27
27
28
29
30
27
27
27
30
30
30
31
31
31
32
32
32
33
33
33
33
33
33
33
33
33
33
34
7
35
36
36
36
37
36
36
36
36
36
36
36
36
36
36
36
36
36
36
36
36
36
36
36
36
36
36
36
36
36
36
36
36
36
36
36
36
36
36
36
36
36
36
36
36
36
36
36
36
36
36
36
36
36
36
36
36
36
36
36
36
36
36
36
36
36
36
36
36
36
36
36
36
36
36
36
36
36
36
36
36
36
36
36
36
36
36
36
36
36
36
36
36
36
38
39
39
40
38
38
41
41
41
41
41
41
41
41
41
41
41
41
41
41
41
41
41
42
42
42
42
42
42
42
42
42
42
42
42
42
43
43
43
44
44
44
44
45
46
45
46
45
45
45
45
45
45
45
45
45
45
46
46
47
47
48
45
45
45
45
45
45
45
45
45
45
45
45
45
45
45
49
49
49
49
49
49
49
49
49
49
49
49
49
49
49
49
49
49
49
49
49
49
49
49
49
49
49
49
50
50
50
50
50
50
50
49
49
49
49
49
49
49
49
49
49
49
49
49
49
49
49
49
49
49
49
49
49
51
46
52
51
51
51
46
46
46
46
46
46
46
46
46
46
46
46
46
51
51
51
51
51
51
51
51
53
54
53
54
54
54
54
54
55
54
56
56
56
56
53
55
57
55
54
53
53
54
54
54
53
53
54
53
53
53
54
58
53
53
53
53
54
55
57
54
57
54
54
54
54
54
54
54
54
55
54
57
57
57
57
57
57
57
57
57
57
57
57
57
57
58
55
58
54
57
57
58
57
57
57
54
57
57
58
57
54
57
57
57
57
57
57
57
54
58
58
58
58
57
57
57
57
57
57
57
57
57
53
57
57
53
53
54
57
57
57
57
57
57
57
57
54
57
54
57
53
57
57
57
57
57
57
54
57
54
54
54
54
54
54
54
54
54
54
54
54
54
54
54
54
54
54
54
54
54
54
54
54
54
54
54
54
54
54
54
54
54
54
54
54
54
54
54
54
54
59
59
59
59
59
59
59
59
59
59
59
58
58
58
58
58
60
54
60
60
60
60
60
60
60
60
60
60
60
60
60
60
60
60
60
60
60
60
60
60
60
60
60
58
58
58
58
61
61
58
58
62
62
62
62
62
62
62
62
62
62
63
63
63
63
63
63
63
63
63
63
63
64
64
64
64
64
64
64
64
64
64
64
64
64
64
64
64
64
64
65
54
64
64
58
64
64
64
64
54
64
66
66
66
66
66
66
67
67
67
67
67
68
69
69
69
69
69
69
69
69
69
69
69
69
69
69
69
69
69
69
69
69
69
69
69
69
69
69
69
69
69
69
69
69
69
69
69
69
69
69
69
69
69
69
69
69
70
71
71
71
71
72
47
54
73
73
73
73
73
74
74
75
75
75
75
75
75
75
75
75
75
75
75
75
75
75
75
75
75
75
75
75
75
75
75
75
75
75
75
75
75
75
75
75
75
75
75
75
75
75
75
75
75
75
75
75
76
76
76
76
76
76
76
76
76
76
76
76
76
76
76
76
76
76
76
76
76
76
76
76
76
76
76
76
76
76
76
76
76
76
76
76
76
76
76
76
76
76
76
76
76
76
76
76
76
76
76
76
76
76
76
76
76
76
76
76
76
76
76
76
76
76
76
76
76
76
76
76
76
76
76
76
76
76
76
76
76
76
76
76
76
76
76
76
76
76
77
78
77
77
77
77
77
77
77
77
77
77
77
76
76
76
76
76
76
76
76
76
76
76
76
76
76
76
76
76
76
76
76
78
78
78
78
78
78
79
79
79
80
64
64
78
78
78
78
81
81
81
81
81
81
81
81
81
81
81
81
81
81
81
81
81
81
81
81
81
81
81
81
81
81
81
81
81
81
81
81
81
82
82
82
82
82
82
82
82
83
83
83
84
83
83
85
85
85
85
85
85
85
83
83
83
83
86
86
86
86
86
86
86
86
86
86
86
86
86
86
86
86
86
86
86
86
86
86
86
86
86
86
86
86
86
86
86
86
86
86
86
86
86
86
86
86
86
86
86
87
87
87
87
87
87
87
87
87
87
87
87
87
87
87
87
87
87
87
87
86
86
86
86
86
86
86
86
86
86
86
86
86
86
86
86
86
86
86
86
86
86
86
86
84
84
84
84
84
84
84
84
84
84
84
84
84
84
84
84
84
84
84
84
84
84
84
84
84
84
84
84
84
84
84
84
84
84
84
88
88
88
88
88
88
88
88
88
88
88
88
88
88
88
88
88
88
88
88
88
88
88
88
88
88
88
88
88
88
88
88
88
88
88
88
88
88
88
88
88
88
88
88
88
88
88
88
88
88
88
88
88
88
88
88
88
88
88
88
88
88
88
88
88
88
88
88
88
88
88
88
88
88
88
88
88
88
88
88
88
89
90
91
91
91
91
92
93
94
7
7
95
90
96
97
97
98
99
100
101
101
102
101
101
101
103
104
104
104
104
104
104
104
104
104
104
104
105
105
105
105
105
105
105
105
105
105
105
105
105
106
106
107
107
107
108
108
107
108
107
107
107
107
107
108
108
108
107
108
108
109
107
110
110
110
110
110
110
110
110
110
107
107
107
107
107
107
110
107
107
107
107
107
107
107
107
107
107
107
108
108
108
107
107
107
107
108
111
111
111
107
108
107
107
107
107
111
107
107
107
107
107
107
107
107
107
107
107
108
108
108
108
108
108
108
108
108
108
108
108
108
108
108
108
111
107
107
112
113
114
113
113
113
113
113
113
115
115
115
112
112
112
112
112
115
116
112
112
112
112
112
112
112
117
117
117
117
117
117
117
117
117
117
117
117
117
117
117
117
117
117
117
117
117
117
117
117
117
117
117
117
117
117
118
119
120
120
121
121
122
123
122
122
122
122
122
122
122
122
122
122
122
122
122
122
122
122
122
122
122
122
122
122
124
122
122
122
122
122
122
122
122
122
122
125
125
125
125
125
126
126
126
126
126
126
126
126
126
126
126
126
126
126
126
126
126
126
126
126
126
126
126
126
126
126
126
126
126
126
126
127
128
129
129
129
129
130
130
130
131
132
131
133
133
133
133
133
134
134
134
134
134
134
134
134
134
134
134
134
134
134
134
134
134
134
134
134
134
134
135
135
135
135
135
135
135
135
135
135
135
135
135
135
135
135
135
135
135
135
135
135
135
135
135
135
135
135
135
135
135
135
135
135
135
135
135
135
117
135
136
137
137
137
138
139
139
139
138
138
139
139
139
139
139
140
140
140
140
140
140
140
140
141
141
141
141
141
141
141
141
141
141
141
141
141
141
141
141
141
141
141
141
141
141
141
141
141
141
141
124
124
124
124
124
124
124
124
124
142
143
144
144
144
144
144
144
144
144
144
144
144
144
144
144
144
144
144
144
144
144
144
144
144
144
144
144
144
144
144
144
144
144
144
144
144
144
144
144
144
144
144
144
144
144
144
144
144
144
144
144
144
144
144
144
144
144
144
144
144
144
144
144
144
144
144
144
144
144
144
144
144
144
144
144
144
144
144
144
144
144
144
144
144
144
144
144
144
144
144
144
144
144
144
144
144
144
144
144
144
144
144
145
146
147
147
148
148
148
148
149
149
149
149
149
149
149
149
149
149
149
149
149
149
149
149
149
149
149
150
150
150
150
150
150
150
150
150
150
150
151
152
152
152
152
152
152
152
152
152
152
152
152
152
152
152
152
150
153
153
153
154
146
146
146
146
146
155
155
146
146
146
146
146
146
146
146
146
146
146
146
146
146
146
146
146
146
146
146
146
146
144
146
146
146
146
156
156
156
157
157
157
157
157
157
157
157
157
157
157
157
157
157
157
157
157
157
157
157
157
157
157
157
157
157
157
157
157
157
157
157
157
157
157
157
157
157
157
157
157
157
157
157
157
157
157
157
157
157
157
157
157
157
157
157
157
157
157
157
157
158
158
159
160
161
159
159
159
159
159
159
159
159
159
159
159
159
159
159
159
159
159
159
159
159
159
159
162
160
160
160
160
160
160
160
160
160
160
160
160
160
160
160
160
160
160
160
160
160
160
160
160
160
160
160
163
163
162
162
162
162
162
162
162
162
162
162
162
162
162
162
162
162
162
162
162
162
162
162
162
162
162
162
162
162
162
162
162
162
162
162
162
162
162
162
162
162
164
165
34
166
167
166
166
166
166
166
166
166
166
166
166
166
166
166
166
166
168
169
170
171
171
172
172
172
172
172
172
172
172
172
172
173
174
174
175
176
176
176
177
178
178
179
180
177
177
177
174
174
174
174
181
181
181
181
181
181
181
181
181
181
181
181
181
181
181
181
181
181
181
181
181
181
181
181
181
181
181
182
182
182
182
182
182
183
183
183
183
183
183
183
183
183
183
183
183
183
183
183
183
183
183
183
183
183
183
183
183
183
183
183
183
183
183
183
183
183
183
183
183
183
183
183
183
184
185
90
186
187
187
187
187
187
187
187
90
188
189
190
190
190
190
190
190
190
190
190
190
190
191
191
192
192
192
193
193
193
193
193
193
193
193
193
193
193
193
193
193
193
193
193
193
194
193
193
195
195
195
195
196
196
196
196
196
196
196
196
196
193
197
197
197
197
191
191
191
191
191
198
198
198
198
198
198
198
198
198
198
198
198
199
200
199
201
201
202
202
202
202
202
202
202
202
200
200
200
200
200
200
200
200
200
200
200
200
200
200
200
200
203
200
200
200
203
200
200
200
200
200
200
200
200
200
200
201
200
200
200
203
200
200
200
200
200
200
200
200
200
200
200
200
200
200
200
200
200
200
200
200
200
200
200
200
200
200
200
200
200
200
200
200
200
200
200
200
201
200
200
200
200
200
200
200
200
200
200
200
200
200
204
204
205
205
205
206
206
207
206
206
206
206
206
206
140
206
194
205
207
205
205
205
205
205
205
205
205
205
205
208
208
205
205
208
205
205
205
205
205
205
205
205
205
205
205
205
205
205
205
205
205
208
208
208
208
208
208
208
208
208
208
208
208
208
208
208
208
208
208
208
208
208
208
208
208
208
208
208
208
208
208
208
208
208
208
208
208
208
208
208
208
208
208
208
208
208
208
208
208
208
194
209
209
209
209
209
209
209
209
209
209
209
209
209
209
209
209
209
209
209
209
209
209
209
209
209
209
209
209
209
209
209
209
209
209
209
209
209
209
209
209
209
209
209
209
209
209
209
209
210
211
212
211
213
213
213
213
213
214
215
216
216
216
216
216
216
217
217
217
218
218
218
218
219
219
219
219
219
219
219
220
220
221
221
222
223
222
222
224
224
224
224
224
224
224
224
224
224
224
224
224
224
224
224
224
224
224
224
224
224
224
225
225
225
225
225
225
225
225
225
225
225
225
225
225
225
225
225
225
225
225
226
226
226
226
90
34
214
214
214
214
227
228
229
227
229
229
229
229
229
229
229
229
230
230
230
231
232
230
233
234
234
234
234
234
234
234
234
234
235
235
235
235
236
233
236
236
236
236
237
237
238
239
239
239
239
239
239
239
239
239
239
239
239
239
239
239
239
239
239
239
239
239
239
239
239
239
239
240
241
242
243
243
243
244
243
243
243
243
174
233
7
233
233
233
233
245
245
246
246
246
246
246
247
248
248
248
248
248
248
248
248
248
248
248
248
249
250
250
251
252
252
252
252
252
252
252
252
252
252
252
252
252
252
252
252
252
252
253
253
253
253
253
253
253
253
253
253
253
253
253
253
253
253
253
253
253
253
253
253
253
253
253
253
254
255
255
255
255
255
255
255
255
255
255
255
248
255
255
255
255
256
255
255
248
248
248
255
257
258
258
258
258
258
258
258
258
258
258
258
258
258
258
258
258
258
258
258
258
258
258
258
259
260
260
260
260
260
260
260
260
260
260
260
260
260
260
260
260
260
260
260
260
260
260
260
260
260
260
260
260
260
260
260
260
260
260
260
260
260
261
261
260
260
261
261
260
260
260
260
260
260
260
260
260
260
262
263
263
263
263
263
263
263
263
264
263
263
264
264
264
264
264
264
264
264
264
264
264
264
264
264
264
264
264
264
264
265
266
266
266
266
266
266
266
266
266
266
266
266
266
266
248
266
266
266
266
266
266
266
266
266
266
266
266
266
266
266
266
266
266
266
266
266
266
266
266
266
266
266
266
266
266
266
266
266
266
266
266
266
266
266
266
267
266
266
266
268
269
269
269
269
269
268
270
271
271
271
270
270
270
270
270
271
265
265
265
265
265
265
265
265
265
265
265
265
265
272
272
272
272
273
273
273
273
273
273
273
273
273
273
273
273
273
273
273
273
273
273
273
273
273
273
273
273
273
273
273
273
274
275
268
266
266
248
266
266
266
266
269
266
276
276
276
274
276
275
275
275
275
275
275
275
275
275
275
275
275
275
275
275
275
275
275
275
275
275
275
275
275
275
275
275
275
275
275
275
275
275
275
275
275
275
275
275
266
274
274
274
274
274
274
274
274
274
274
274
274
274
274
277
277
277
277
277
277
277
277
277
277
277
277
277
277
277
277
277
277
277
277
277
277
277
278
278
278
278
278
278
278
278
278
278
278
278
278
278
278
278
278
278
278
278
278
278
278
278
278
278
278
278
278
278
278
279
279
279
279
280
279
279
279
279
279
281
281
281
281
281
282
282
282
283
283
283
284
284
284
284
284
284
285
285
285
286
287
285
285
285
285
285
285
285
288
288
288
288
288
288
288
288
288
288
288
288
288
288
288
288
288
288
288
288
288
288
288
288
288
288
288
288
288
288
288
288
289
289
286
289
289
289
289
289
289
289
289
289
289
289
289
289
289
289
289
290
290
291
292
292
292
293
293
293
293
293
293
293
293
293
293
293
293
293
293
293
293
293
293
293
293
293
291
291
291
294
291
291
291
291
291
291
294
294
294
294
294
294
294
294
294
294
294
294
294
294
294
294
294
294
294
294
294
294
294
294
294
294
294
294
294
294
294
200
294
294
295
295
295
295
295
295
295
295
295
295
295
295
295
295
295
295
295
295
290
290
290
290
290
290
290
290
290
290
290
290
290
290
290
290
290
290
290
290
290
290
290
290
290
290
290
290
290
290
290
290
290
290
290
290
290
290
290
290
290
290
290
290
290
290
290
290
290
290
290
290
290
290
290
290
290
290
290
296
297
297
297
298
298
298
298
298
298
298
298
298
298
298
299
299
299
300
300
299
299
299
299
301
301
301
301
301
301
301
301
301
301
301
301
301
302
302
302
302
302
302
303
304
304
304
305
305
305
305
305
305
305
305
305
305
305
305
305
305
305
305
305
305
305
305
305
305
305
305
305
305
305
305
305
305
305
305
305
305
305
305
305
305
305
297
300
300
300
300
302
302
302
302
302
302
302
302
302
302
302
302
302
302
302
302
302
302
302
302
302
302
302
302
302
302
302
302
302
302
302
302
302
302
302
302
302
302
302
302
302
302
302
302
302
302
302
302
302
302
302
302
302
302
302
302
302
302
302
302
302
302
302
302
302
302
302
302
302
305
306
306
306
297
297
297
297
299
299
299
299
299
299
307
308
308
308
308
308
309
309
309
310
310
310
310
310
310
310
297
297
297
297
295
297
286
286
297
311
311
311
311
311
312
312
312
312
312
312
312
312
312
312
312
312
312
312
312
312
312
312
312
312
312
312
312
312
312
312
312
312
312
312
312
312
312
312
312
312
312
312
312
312
312
312
312
312
312
312
312
312
312
312
312
312
312
312
312
312
312
312
312
312
312
312
312
312
312
312
312
312
312
312
312
312
312
312
312
312
312
312
312
312
312
312
312
312
312
312
312
312
312
312
312
312
312
312
312
312
312
312
297
297
313
313
314
313
314
314
165
165
297
297
297
297
297
297
297
297
297
297
315
315
315
315
313
313
315
315
315
315
316
316
313
313
313
313
313
313
313
313
313
317
317
317
317
317
317
317
317
317
317
317
317
317
317
317
317
317
316
165
165
165
165
165
165
165
165
165
165
165
165
165
165
165
165
165
165
165
165
165
165
165
165
165
165
165
165
165
165
165
165
165
165
165
165
165
165
165
165
165
165
165
165
165
165
165
165
165
165
165
165
165
165
165
165
165
165
165
165
165
165
165
165
165
165
165
165
165
165
165
165
165
165
165
165
165
165
165
165
165
165
165
165
165
165
165
165
165
165
165
165
165
165
165
165
165
311
311
318
318
318
318
313
313
313
313
313
267
313
313
313
313
313
313
313
313
319
313
313
313
313
320
320
319
298
298
298
313
313
313
319
319
319
319
319
319
319
319
319
319
319
319
319
319
319
319
314
319
319
319
319
319
319
321
322
322
322
322
322
322
322
322
322
322
322
322
322
322
322
322
322
322
322
322
313
323
323
323
324
324
324
324
325
325
325
326
326
326
325
325
325
325
325
325
325
325
325
325
327
327
327
327
327
327
327
327
327
327
327
327
327
327
327
327
327
327
327
327
327
327
327
327
327
327
327
328
327
327
327
327
327
327
327
327
327
327
327
327
327
327
327
327
327
327
327
327
327
327
327
327
327
327
327
327
327
327
327
327
327
327
327
327
327
329
329
329
329
329
329
329
329
329
329
329
329
329
329
329
329
329
329
329
329
329
329
329
329
329
329
329
329
329
329
329
330
330
330
330
330
330
330
330
330
330
330
330
330
330
330
330
330
330
330
330
330
330
330
330
330
330
330
330
330
330
330
330
330
330
330
330
330
330
330
330
330
330
330
330
330
330
330
297
330
330
330
330
330
330
330
330
330
330
330
330
330
330
330
330
330
330
330
330
330
330
330
330
330
330
330
330
330
330
330
330
330
330
330
330
330
330
330
330
330
330
330
330
330
330
330
330
330
330
330
330
330
330
330
330
330
330
330
330
330
330
330
330
330
330
330
330
330
330
330
330
330
330
330
330
330
330
330
330
330
330
330
330
330
330
330
330
330
330
330
330
330
330
330
330
330
330
330
330
330
330
330
330
330
330
330
330
330
330
