0.09318	0.1329
0.05699	0.0838
0.36716	0.24823
0.30073	0.08609
0.39268	0.38935
0.35502	0.09731
0.7421	0.31408
0.16655	0.18139
0.42742	0.1037
0.52017	0.19636
0.28379	0.27037
0.05013	0.05003
0.08613	0.03961
0.13851	0.03404
0.08264	0.08962
0.06197	0.08117
0.31584	0.16705
0.22889	0.17364
0.45399	0.15453
0.17056	0.21531
0.1112	0.06549
0.0954	0.17802
0.15881	0.08592
0.41032	0.65434
1.39504	0.1471
0.1862	0.14836
0.14342	0.03812
0.21309	0.06261
0.12807	0.03769
0.18362	0.05623
0.28732	0.1713
0.10691	0.1033
0.13165	0.05605
0.0792	0.06039
0.18504	0.09831
0.17683	0.04483
0.0733	0.03252
0.07332	0.09855
0.08391	0.06344
0.29656	0.32727
0.47887	0.53019
0.44955	0.30234
0.95686	0.87335
1.50104	0.23362
0.36195	0.18261
0.10384	0.1069
0.16156	0.03183
0.00055	0.04366
0.08689	0.08431
0.22564	0.067
0.06177	0.09852
0.67807	0.16765
0.24267	0.08916
0.76558	0.41771
1.64167	0.85631
0.03443	0.09754
0.01361	0.00885
0.11438	0.14358
0.59204	0.40229
0.1309	0.13569
0.03844	0.03394
0.1505	0.16471
0.15414	0.06737
0.21171	0.08353
0.09961	0.06963
0.35095	0.28098
0.35645	0.43496
0.16381	0.2342
0.24654	0.15381
0.32846	0.23136
0.06674	0.04067
0.27167	0.39489
0.35368	0.13081
0.09452	0.06274
1.10679	0.69091
0.65075	0.68607
0.53671	0.59571
0.8399	0.27429
0.33324	0.30282
0.07084	0.09128
0.01647	0.03178
0.19012	0.20299
0.45132	0.23093
0.53616	0.14009
0.42424	0.11782
1.01714	0.37866
1.0857	0.1049
0.10332	0.13183
0.11099	0.11808
0.37484	0.14759
1.25668	0.12713
1.65615	0.12621
1.49584	0.10689
0.2438	0.17272
0.25165	0.12382
0.90438	0.09269
0.13271	0.178
0.41849	0.35771
0.4156	0.49521
0.078	0.06241
0.37053	0.12368
0.35499	0.43195
0.80591	0.51079
0.14939	0.17402
0.35415	0.3036
0.59275	0.21386
0.34212	0.08076
0.51607	0.06075
0.1345	0.05481
0.98153	0.09405
0.25819	0.07293
0.18372	0.20407
0.39255	0.17624
0.44897	0.3894
0.4156	0.11352
0.12451	0.1057
0.1494	0.05669
0.48791	0.46091
0.48241	0.09039
0.23711	0.23948
0.33937	0.10409
0.3884	0.11725
0.05654	0.07497
0.3709	0.17456
0.55755	0.38682
0.68691	0.13167
0.62851	0.0991
2.62595	1.24617
0.27941	0.19109
0.37649	0.1356
0.07237	0.07147
0.05675	0.02268
0.06202	0.02142
0.12058	0.02311
0.02289	0.01988
0.01574	0.02325
0.00866	0.01062
0.02336	0.01599
0.05766	0.024
0.06797	0.01883
0.09954	0.01919
0.04621	0.01907
0.02998	0.05616
0.56006	0.18593
0.31242	0.06612
0.09011	0.11331
0.15181	0.12911
0.31882	0.48932
0.07642	0.16006
0.0287	0.02125
0.0486	0.07125
0.01521	0.01587
0.01934	0.01967
0.00337	0.00083
0.00501	0.0013
0.05543	0.00684
0.00193	0.00862
0.01485	0.00333
0.01462	0.00488
0.02515	0.01489
0.00938	0.01307
0.02618	0.09669
0.07558	0.03275
0.05012	0.18371
0.26569	0.05548
0.35018	0.06356
0.06323	0.04373
0.41213	0.03548
0.32202	0.37952
0.05738	0.06384
0.03814	0.04074
0.19396	0.1546
0.12295	0.06125
0.1093	0.13455
0.02733	0.03186
0.04794	0.03487
0.05065	0.01433
0.02676	0.02013
0.01424	0.01598
0.01992	0.00758
0.01614	0.03101
0.00736	0.00638
0.22159	0.19409
0.29943	0.09785
0.33082	0.04731
0.21924	0.08725
0.4453	0.03759
0.0477	0.03964
0.04433	0.04554
0.02522	0.01645
0.05502	0.05099
0.05143	0.01787
0.12147	0.08953
0.0781	0.09276
0.07806	0.03131
0.11947	0.10644
0.12011	0.03561
0.09712	0.05791
0.07431	0.07212
0.13108	0.09263
0.1359	0.03091
0.07644	0.06285
0.02216	0.0364
0.01631	0.03495
0.02636	0.05169
0.02578	0.01757
0.06659	0.06885
0.11071	0.03023
0.16569	0.03099
0.16293	0.03357
0.05983	0.02145
0.03859	0.04054
0.03341	0.03931
0.05583	0.03125
0.26188	0.11213
0.41243	0.12256
0.0325	0.06113
0.09528	0.03121
0.04807	0.05959
0.09208	0.04705
1.57362	0.7887
0.93181	0.17364
0.13559	0.79195
0.74113	0.11519
0.09969	0.10387
0.08377	0.10319
2.27298	1.42483
0.23798	0.27826
1.87228	1.98983
0.82213	0.6339
0.01593	0.01929
0.42988	0.7471
0.3587	0.59019
0.22547	0.21142
0.25872	0.22669
0.40514	0.3592
0.46296	0.41962
0.01033	0.01022
0.00785	0.01146
0.00529	0.00892
0.00996	0.01121
0.12587	0.08982
0.43418	0.55211
0.27649	0.11193
0.15661	0.18084
0.24758	0.98023
0.29147	0.15588
0.2511	0.21035
0.23276	0.24163
0.39974	0.38448
0.98596	0.32139
0.56302	1.41667
0.00385	0.00147
0.73038	0.71461
0.62827	0.41804
0.1518	0.30429
0.236	0.2044
0.86883	0.11811
0.64587	0.15052
0.42596	0.38275
0.5026	0.26727
0.19665	0.09852
0.25593	0.14593
0.56901	0.57671
0.31059	0.36589
0.75856	0.97115
0.37321	0.65394
0.53948	0.67113
0.15142	0.07621
0.00871	0.01299
0.27216	0.23722
0.29622	0.06742
0.18172	0.04489
0.68647	0.43917
0.0794	0.0812
0.271	0.08805
1.11064	0.12898
0.73315	0.08136
0.89325	0.55525
1.06336	0.59088
0.91371	0.14627
0.00749	0.00095
0.06482	0.02101
0.7225	0.06466
0.47344	0.36543
0.13154	0.16012
0.15737	0.04275
0.18655	0.10774
0.2399	0.07391
0.01265	0.00379
0.07925	0.06949
0.14766	0.09018
0.34457	0.23953
0.27414	0.11536
0.3316	0.18085
0.9728	0.54189
0.12574	0.16908
0.12031	0.07487
0.03211	0.01236
0.36902	0.51976
0.49176	0.05838
0.49598	0.06395
0.70325	0.09348
0.00399	0.00572
0.04574	0.01
0.0151	0.02167
0.29785	0.30128
0.19038	0.05343
0.28283	0.05788
0.0123	0.01201
0.01197	0.00649
0.08145	0.07037
0.02856	0.04184
0.02517	0.02767
0.06125	0.07342
0.07514	0.01227
0.04674	0.0113
0.10974	0.02504
0.14126	0.0265
0.07192	0.05672
0.08911	0.44097
0.41432	0.12065
0.58147	0.20912
0.37316	0.11206
0.13652	0.39374
0.00209	0.00203
0.00175	0.00083
0.00512	0.00468
0.27016	0.29468
0.53708	0.48533
0.80059	0.32721
0.00282	0.00357
0.31608	0.2342
0.01975	0.01214
0.03256	0.03312
0.20888	0.21465
0.263	0.21785
0.22105	0.10508
0.20357	0.09106
0.29454	0.25034
0.45225	0.15
0.00615	0.01078
0.00222	0.00379
0.00995	0.01277
0.00794	0.01169
0.03315	0.03187
0.02131	0.01009
0.09706	0.06832
0.47067	0.30576
0.29884	0.09422
0.85965	0.46348
0.46526	0.12126
0.2001	0.39054
0.13336	0.12493
0.14955	0.4881
0.44576	0.53167
0.02546	0.0249
0.10322	0.07136
0.01024	0.0222
0.00837	0.01095
0.00966	0.00683
0.0094	0.0042
0.01892	0.00478
0.00055	0.00367
0.0005	0.00116
0.00085	0.00054
0.01374	0.02037
0.02351	0.02371
0.05275	0.03114
0.2364	0.08052
0.34984	0.26503
0.99867	0.48907
0.03369	0.04684
0.0113	0.0168
0.02042	0.0173
0.03424	0.02377
0.03515	0.01009
0.02525	0.00569
0.10963	0.09121
0.21765	0.13301
0.28509	0.19482
0.05151	0.04154
0.07206	0.04618
0.23328	0.15624
0.19872	0.45365
0.86389	0.13876
0.0054	0.00823
0.42926	0.21342
0.2906	0.08139
0.01501	0.00449
0.03433	0.00766
0.27584	0.27327
0.42635	0.1613
0.35701	0.20384
0.8921	0.33445
0.06015	0.03386
0.42758	0.56374
0.86262	0.16637
1.0093	0.21246
0.30665	0.30274
0.4228	0.39379
0.46669	0.3186
0.85576	0.42052
0.4751	0.133
0.4701	0.49875
0.50271	0.10012
0.7209	0.14053
0.83685	0.11031
0.72548	0.22232
0.0833	0.12207
0.08768	0.07595
0.31319	0.17559
2.05326	0.27105
0.93513	0.62463
0.87806	0.44645
0.54684	0.93856
0.00726	0.00509
0.28012	0.27496
0.20152	0.18642
0.01122	0.00874
0.09019	0.09723
0.12751	0.05897
0.2042	0.07999
0.13645	0.17973
0.17129	0.08479
0.08258	0.06183
0.06638	0.06983
0.02647	0.06148
0.67366	0.38998
0.01096	0.00355
0.01285	0.02008
0.0698	0.06213
0.21927	0.18596
0.42662	0.30243
0.66561	0.55128
0.1962	0.14374
0.14359	0.18925
0.42232	0.39045
0.61873	0.15001
0.75297	0.14335
0.04183	0.13402
0.24073	0.19295
0.02236	0.01596
0.00459	0.0069
0.01847	0.01338
0.29334	0.23183
0.53502	0.30741
0.44417	0.11207
0.62512	0.08909
0.05332	0.06537
0.74361	0.67278
0.10017	0.10805
0.1449	0.13105
0.03856	0.0271
0.13133	0.15279
0.03324	0.02846
0.32187	0.15276
0.46799	0.09589
0.32376	0.35744
0.55119	0.29374
0.4304	0.34458
0.32733	0.48896
0.19639	0.16699
0.21135	0.05983
0.12653	0.14333
0.10154	0.10324
0.17371	0.07374
0.16147	0.09703
0.22919	0.04672
0.01412	0.00255
0.2627	0.25536
0.05272	0.02013
0.06639	0.0676
0.20023	0.12072
0.1891	0.05519
0.40682	0.16855
0.18679	0.10044
0.49571	0.08807
0.02963	0.00407
0.0059	0.00401
0.01398	0.00482
0.25508	0.20878
0.23738	0.0816
0.20139	0.25027
0.00918	0.00301
0.26069	0.13551
0.22708	0.05948
0.06801	0.07502
0.36093	0.08812
0.00658	0.00477
0.00054	0.00147
0.01063	0.0022
0.20235	0.23998
0.00847	0.00533
0.19534	0.266
0.20358	0.07595
0.22224	0.05254
0.07952	0.03143
0.04881	0.10545
0.1239	0.04553
0.08796	0.18178
0.0572	0.06794
0.05896	0.05779
0.11072	0.05704
0.12792	0.08642
0.12848	0.45799
0.12839	0.20683
0.01595	0.05438
0.00221	0.00891
0.05687	0.00055
0.03557	0.01234
0.0013	0.00479
0.0021	0.00085
0.00054	0.00175
0.12208	0.08901
0.08354	0.09788
0.36723	0.18955
0.11034	0.09672
0.11609	0.02316
0.11461	0.03392
0.13166	0.13088
0.19852	0.0621
0.21794	0.10693
0.15804	0.19669
0.46651	0.06625
0.4613	0.10041
0.73767	0.17749
0.1174	0.08785
0.39557	0.30298
0.12428	0.14634
0.48312	0.28907
0.52333	0.14988
0.50261	0.40685
0.00751	0.01317
0.29973	0.2088
0.34417	0.09926
0.33661	0.12554
0.08868	0.13837
0.07846	0.06722
0.27628	0.07874
0.08122	0.05866
1.13943	0.09319
1.46272	0.05967
0.88035	0.2116
0.51538	0.44105
0.24328	0.30998
0.34931	0.51082
0.09212	0.10377
0.32027	0.29535
0.26261	0.15577
0.16371	0.08347
0.97814	0.09653
0.01516	0.00388
0.01005	0.01192
0.01045	0.02764
0.00398	0.00622
0.29823	0.2777
0.95228	0.59223
0.65347	0.14256
0.33867	0.29374
0.48703	0.17735
0.03549	0.03911
0.0434	0.02306
0.80074	0.9384
0.14825	0.13421
0.3474	0.16806
0.01118	0.04906
0.11303	0.0512
0.09672	0.03746
0.16729	0.32131
1.29519	0.62802
0.16748	0.14511
0.36368	0.53063
0.01341	0.00843
0.37026	0.47996
0.15686	0.25917
0.01649	0.00863
0.08077	0.14599
0.06126	0.04983
0.05336	0.03003
0.08931	0.04863
0.43108	0.34566
0.06055	0.1885
0.90432	0.17249
0.26193	0.31464
0.81272	0.37323
1.24137	0.09107
0.10894	0.10531
0.31159	0.94263
0.49852	0.15986
1.18945	0.58317
0.70651	0.89478
1.38762	0.75353
0.23181	0.14874
0.20426	0.15828
0.03318	0.07149
0.02227	0.03551
0.0413	0.01186
0.06033	0.01251
0.05439	0.01963
0.09091	0.20257
0.95962	0.21475
0.40488	0.17125
0.04129	0.04944
0.24414	0.18192
0.06482	0.08778
0.03658	0.04318
0.05464	0.06147
0.26219	0.19341
0.38916	0.30442
0.15805	0.18656
0.44938	0.1177
0.53128	0.17483
0.40009	0.36468
0.00099	0.00051
0.36555	0.49725
0.33103	0.24851
0.00879	0.00185
0.01574	0.00288
0.00236	0.00507
0.18872	0.12095
0.13076	0.2626
0.04833	0.07328
0.05737	0.06896
0.593	0.38053
0.52504	0.64268
0.34064	0.30253
0.7557	0.35511
0.12646	0.09788
0.00599	0.00616
0.00289	0.00074
0.00218	0.00701
0.00877	0.00067
0.00537	0.00383
0.11962	0.05656
0.23028	0.16603
0.30173	0.09279
0.63677	0.21767
0.45682	0.12489
0.22896	0.16224
1.20001	0.13967
0.51622	0.27619
0.04667	0.05404
0.37844	0.31339
0.71136	0.42508
1.20469	0.17901
1.17608	0.48453
0.04112	0.02539
0.31453	0.30825
0.2693	0.25525
0.22242	0.16239
0.03032	0.01934
0.03314	0.03589
0.06809	0.03899
0.12536	0.26126
0.52556	0.27816
0.49851	0.29635
0.66504	0.38274
0.08393	0.05196
0.6862	0.66096
0.32884	0.32604
1.07515	1.05726
0.07533	0.06716
0.32063	0.3149
0.57492	0.46151
0.48482	0.18898
1.28026	1.26477
0.27227	1.29828
0.5512	0.1913
1.46638	0.16843
0.14571	0.2483
0.22115	0.09396
0.4402	0.25505
0.48399	0.09806
0.50291	0.07319
1.19698	0.52435
0.17141	0.17695
0.24492	0.11368
0.45197	0.52828
0.63443	0.13461
0.62352	0.21933
0.45076	0.56223
0.07855	0.07439
0.60879	0.52973
0.07166	0.1047
0.25983	0.25972
0.58138	0.28897
0.26303	0.30302
0.78427	0.38048
0.13863	0.11946
0.27227	0.14147
1.15477	0.25134
0.48509	0.14741
0.08524	0.07894
0.38836	0.67844
0.48389	0.2528
0.80794	0.41759
0.33195	0.23805
0.90598	0.46509
0.68561	0.27703
0.36412	0.08716
0.10293	0.10044
0.24089	0.09667
0.20431	0.092
0.32885	0.13016
1.09105	0.09232
0.09999	0.0859
0.6243	0.14265
0.08307	0.20695
0.52322	0.62567
0.10398	0.07813
1.13089	1.09711
1.26916	0.21699
1.30233	1.08543
0.87097	0.51352
0.3966	0.18821
0.305	0.16418
0.12967	0.95844
0.5509	0.52973
0.00353	0.01928
0.02396	0.02727
0.08826	0.07896
0.12793	0.07716
0.17038	0.09159
0.30476	0.1355
0.33789	0.06387
0.56623	0.25276
0.16467	0.20136
0.28108	0.07634
0.00699	0.00055
0.46979	0.33659
0.11333	0.05722
0.33935	0.35609
0.26798	0.26291
0.28919	0.10061
0.08658	0.05973
0.05115	0.12014
0.14101	0.17428
0.12403	0.0576
0.02198	0.01874
0.15794	0.09694
0.192	0.0794
0.07663	0.05342
0.0049	0.00659
0.08668	0.02446
0.08142	0.03395
0.12201	0.03386
0.24116	0.18118
0.26604	0.34342
0.01184	0.02161
0.01455	0.01602
0.04868	0.02222
0.01704	0.00988
0.17467	0.16157
0.21774	0.08615
0.11275	0.04741
0.04407	0.02919
0.11355	0.04919
0.29467	0.11314
0.24583	0.06224
0.07737	0.07314
0.07308	0.09514
0.14719	0.43035
0.56546	0.34147
0.44896	0.58018
0.25628	0.21309
0.01522	0.00718
0.35363	0.21685
0.08878	0.07325
0.5441	0.07201
0.25953	0.10208
0.25863	0.05266
0.23977	0.22887
0.00928	0.00385
0.00367	0.00932
0.00946	0.00363
0.03185	0.05002
0.03133	0.06881
0.12682	0.04437
0.00842	0.04033
0.01355	0.00202
0.08238	0.00834
0.0328	0.01503
0.03835	0.02506
0.04984	0.03103
0.03828	0.07033
0.10396	0.04172
0.10998	0.07823
0.41555	0.30676
0.36002	0.307
0.00406	0.00465
0.01416	0.02091
0.00639	0.00128
0.03551	0.01051
0.06403	0.06529
0.00586	0.01044
0.00227	0.00131
0.01383	0.01021
0.01093	0.08995
0.00751	0.13047
0.00511	0.01209
0.03995	0.02178
0.06539	0.05108
0.07975	0.03071
0.12043	0.10439
0.21214	0.04736
0.10796	0.30186
0.0751	0.05256
0.02009	0.01287
0.05398	0.01296
0.00899	0.0122
0.00479	0.00435
0.06134	0.07848
0.06082	0.03617
0.00168	0.00645
0.06159	0.06166
0.01382	0.05397
0.00813	0.01408
0.00751	0.0069
0.0008	0.00055
0.01004	0.00639
0.02826	0.01148
0.01531	0.00613
0.0041	0.00107
0.01918	0.07134
0.05138	0.1626
0.21879	0.12902
0.64741	0.14139
0.26218	0.31775
0.26662	0.06528
0.26309	0.42412
0.00558	0.00379
0.0127	0.00447
0.21555	0.1823
0.05253	0.07136
0.30932	0.04897
0.03019	0.03171
0.46908	0.06288
0.44166	0.36246
0.32924	0.52508
0.16685	0.15299
0.42855	0.35472
0.49093	0.44003
0.01598	0.08015
0.04805	0.05128
0.15413	0.09894
0.11023	0.07798
0.31913	0.19675
0.10155	0.23613
0.14814	0.04593
0.01199	0.00355
0.08751	0.01648
0.06471	0.03307
0.06915	0.04692
0.22889	0.17295
0.34248	0.07207
0.3677	0.10461
0.10738	0.12007
0.0964	0.05168
0.08152	0.31434
0.08516	0.03387
0.12448	0.03955
0.05197	0.04688
0.09076	0.06512
0.03279	0.03194
0.47186	0.03559
0.2844	0.05087
0.17247	0.16252
0.43815	0.1243
0.29067	0.2089
0.24386	0.44765
0.15859	0.28773
0.04574	0.03709
0.19075	0.24984
0.23198	0.21915
0.34628	0.05174
0.11861	0.04327
0.31126	0.0608
0.14677	0.18213
0.19857	0.06612
0.74211	0.06368
0.03636	0.04071
0.08114	0.07134
0.07775	0.04731
0.07775	0.05397
0.34704	0.30651
0.1934	0.16461
0.28583	0.13308
0.00061	0.00437
0.96773	0.82849
0.1073	0.11684
0.09049	0.03169
0.13936	0.0652
0.15761	0.25034
0.10322	0.13338
0.02454	0.00915
0.02896	0.00979
0.10092	0.09716
0.08618	0.09979
0.01172	0.00962
0.00062	0.00921
0.06869	0.06192
0.09462	0.02834
0.10124	0.02819
0.14124	0.06305
0.22099	0.05117
0.09956	0.10671
0.08219	0.11741
0.16566	0.0411
0.01096	0.01097
0.0464	0.02737
0.04274	0.05332
0.00432	0.33202
0.0563	0.03298
0.03689	0.07545
0.08505	0.03493
0.04911	0.02867
0.0833	0.0295
0.04696	0.08788
0.17626	0.05008
0.26546	0.06108
0.17564	0.04151
0.25013	0.19478
0.42088	0.12767
0.5828	0.13193
1.2093	0.2227
0.02585	0.03645
0.03095	0.11869
0.0284	0.02189
0.01182	0.00794
0.01438	0.02699
0.3162	0.1688
0.2359	0.08647
0.48123	0.53619
0.89788	0.27469
0.22037	0.24714
0.86545	0.3672
0.60556	0.62843
0.39332	0.43192
0.69905	0.23796
0.5146	0.13576
0.54186	0.08243
0.39331	0.32622
0.10921	0.10221
0.34166	0.12609
0.07014	0.06959
0.05547	0.02986
0.30476	0.30351
0.08742	0.08331
0.00148	0.00362
0.03557	0.04637
0.04435	0.03206
0.58122	0.45614
0.23497	0.22108
0.00888	0.00827
0.05074	0.03913
0.16059	0.12128
0.46724	0.06124
0.02165	0.02658
0.13345	0.09196
0.1394	0.13551
0.07184	0.08606
0.0534	0.0623
0.05038	0.02252
0.09831	0.01801
0.08276	0.02199
0.15111	0.09138
0.14554	0.03359
0.12783	0.0442
0.35318	0.08958
0.10442	0.05427
0.30171	0.06864
0.36622	0.64463
0.11615	0.15731
0.41514	0.06485
0.57562	0.07246
0.37335	0.28724
0.1426	0.11609
0.44571	0.36873
0.26487	0.46134
0.03699	0.03129
0.3217	0.24055
0.06117	0.08326
0.05264	0.04308
0.13911	0.07588
0.01204	0.01237
0.14243	0.19126
0.28268	0.14545
0.32565	0.32577
0.08676	0.07662
0.26404	0.14107
0.10605	0.09916
0.44564	0.06778
0.21066	0.18706
0.17363	0.11856
0.01835	0.05715
0.00362	0.00319
0.05297	0.00237
0.01144	0.02371
0.10676	0.10321
0.15096	0.04881
0.1191	0.0467
0.04852	0.08201
0.36055	0.0791
0.5073	0.09829
0.72916	0.21196
0.22209	0.18874
0.049	0.02629
0.18457	0.1466
0.17559	0.03993
0.37932	0.23841
0.2903	0.31648
0.07596	0.05554
0.33451	0.0578
0.11387	0.04807
0.3621	0.27204
0.50779	0.15651
0.01345	0.01878
0.36914	0.33951
0.27615	0.39884
0.32945	0.15511
0.15374	0.1249
0.00657	0.00896
0.00753	0.0081
0.10738	0.10705
0.03518	0.08141
0.34783	0.26564
0.0751	0.11064
0.44798	0.10414
0.04871	0.06257
0.35609	0.05042
0.35007	0.05059
0.19688	0.07007
0.06606	0.10128
0.04307	0.03745
0.02522	0.01867
0.25355	0.1476
0.35514	0.05073
0.41401	0.18116
0.12255	0.14065
0.23407	0.27166
0.2171	0.12698
0.06259	0.05085
0.20535	0.25916
0.00997	0.00884
0.00676	0.00299
0.02089	0.01066
0.1126	0.1077
0.09689	0.14232
0.03447	0.03424
0.04906	0.04584
0.05171	0.02435
0.05234	0.02424
0.16554	0.13087
0.0652	0.05727
0.01216	0.01669
0.00475	0.00937
0.00593	0.02821
0.02697	0.00748
0.07984	0.10613
0.03426	0.02873
0.10683	0.04245
0.21517	0.15981
0.18074	0.0566
0.05783	0.04764
0.07852	0.06625
0.57786	0.12946
0.19894	0.22419
0.34212	0.28696
0.28891	0.3287
0.09297	0.11414
0.15927	0.03951
0.20096	0.05846
0.04981	0.0628
0.06111	0.04632
0.04377	0.01301
0.02009	0.02194
0.03802	0.01975
0.14708	0.17161
0.1199	0.09644
0.01148	0.03054
0.04076	0.00299
0.04694	0.03913
0.0437	0.01417
0.02894	0.03069
0.1076	0.09675
0.03597	0.02923
0.21963	0.19988
0.06327	0.05911
0.07755	0.0233
0.1652	0.05405
0.1254	0.03008
0.14146	0.14728
0.01824	0.05028
0.12346	0.10222
0.03582	0.04245
0.16749	0.02472
0.06409	0.03719
0.05017	0.07478
0.21921	0.04132
0.04579	0.05744
0.03897	0.03996
0.05982	0.02539
0.07261	0.04773
0.13954	0.12996
0.19159	0.06648
0.31414	0.06285
0.05791	0.02775
0.03686	0.0293
0.16733	0.09408
0.03204	0.01891
0.00931	0.01301
0.02019	0.02547
0.07067	0.03695
0.05628	0.03176
0.04883	0.03185
0.03507	0.04714
0.03351	0.03082
0.03053	0.00973
0.00554	0.00669
0.0615	0.06892
0.06124	0.02492
0.02187	0.00562
0.02075	0.01537
0.03939	0.01904
0.01554	0.01829
0.01704	0.00245
0.04508	0.00912
0.02083	0.02207
0.01302	0.01396
0.01926	0.00711
0.01568	0.00689
0.01311	0.00807
0.01422	0.03252
0.03076	0.02012
0.00771	0.01007
0.00795	0.00239
0.02344	0.01199
0.00646	0.01007
0.00441	0.00822
0.02825	0.01503
0.02925	0.02922
0.0736	0.10122
0.03961	0.03546
0.05268	0.11009
0.03883	0.05064
0.16903	0.28651
0.80902	0.44528
0.0578	0.09106
0.34914	0.11112
0.23438	0.09382
0.10498	0.05763
0.37021	0.3688
0.28132	0.19483
0.77325	0.06813
0.75029	0.09799
0.69176	0.05795
0.18753	0.08661
0.08711	0.07248
0.103	0.066
0.55134	0.05689
0.62773	0.25214
0.08195	0.1478
0.32149	0.08095
0.17803	0.15239
1.1745	0.19027
0.2812	0.27174
0.29638	0.10756
0.07345	0.07934
0.45326	0.08625
0.20565	0.00055
0.62075	0.82222
0.70239	0.23602
2.2548	1.5614
0.74587	0.78275
1.11949	0.14122
0.15366	2.21298
0.51027	1.68893
0.29892	0.51235
0.5387	0.21787
1.28619	0.5134
1.27676	1.012
0.08019	0.08766
0.00082	0.00086
0.09958	0.0777
0.39437	0.26919
0.39329	0.20531
0.77288	0.23705
0.38737	0.44342
0.30467	0.1729
1.59607	0.12908
0.4548	0.09611
0.8522	0.13892
0.12495	0.09651
0.2038	0.07498
0.15046	0.18828
0.08594	0.08252
0.1801	0.16183
0.04795	0.04209
0.03871	0.04032
0.41852	0.06617
0.24402	0.14528
0.29519	0.13934
0.97721	0.53613
0.5278	0.28152
0.24345	0.30351
0.2255	0.081
0.01187	0.07159
0.11923	0.14033
0.11767	0.09092
0.12924	0.02469
0.03825	0.02684
0.1245	0.02322
0.12977	0.03697
0.27529	0.36563
0.10907	0.08706
0.176	0.30534
0.20246	0.23709
0.08382	0.06189
0.4967	0.45658
0.30672	0.37166
0.27656	0.06257
0.36607	0.06841
0.02263	0.01488
0.42329	0.29455
0.26361	0.16562
0.43297	0.06948
0.33821	0.34236
0.08827	0.06938
0.3951	0.23816
0.06158	0.1344
0.07808	0.09162
0.15143	0.20707
0.04756	0.03493
0.13174	0.13889
0.16288	0.02322
0.10033	0.04757
0.07048	0.02696
0.18416	0.19423
0.10847	0.11409
0.24257	0.21679
0.21044	0.05576
0.10612	0.04956
0.02091	0.02782
0.03059	0.02604
0.13987	0.09646
0.12284	0.03551
0.14834	0.14984
0.03684	0.05034
0.04506	0.03388
0.11749	0.1571
0.03602	0.03523
0.10264	0.04976
0.27426	0.04782
0.08443	0.13789
0.30127	0.06432
0.85819	0.10929
0.32748	0.68596
0.45323	0.1788
0.11807	0.10877
0.49775	0.0463
0.24663	0.33342
0.31869	0.08599
0.14707	0.13667
0.41415	0.25246
0.29143	0.25854
0.18272	0.0846
0.1482	0.1858
0.18549	0.17937
0.22088	0.08206
0.30931	0.26889
0.12596	0.07861
0.02128	0.01779
0.11582	0.13049
0.32107	0.15201
0.2688	0.04682
0.00354	0.00182
0.00152	0.00998
0.05908	0.04194
0.13033	0.06513
0.18509	0.18115
0.47433	0.09054
0.0295	0.04461
0.4712	0.04859
0.02991	0.03314
0.39971	0.05569
0.15227	0.03757
0.56875	0.0785
0.23932	0.28094
0.19914	0.04733
0.27709	0.06905
0.3567	0.27944
0.01107	0.00215
0.03694	0.03927
0.17351	0.16964
0.02683	0.02878
0.00958	0.00675
0.02308	0.02146
0.23434	0.26891
0.38008	0.10314
0.13039	0.06979
0.04461	0.06529
0.18706	0.29391
0.25584	0.0386
0.11484	0.16404
0.00375	0.00315
0.00106	0.00149
0.02413	0.03755
0.08089	0.03713
0.0899	0.07075
0.04385	0.06473
0.22247	0.16782
0.30241	0.08202
0.02663	0.02172
0.09722	0.09614
0.12806	0.04191
0.07442	0.10295
0.15281	0.055
0.03051	0.04542
0.09287	0.22129
0.08521	0.03525
0.15967	0.02321
0.11539	0.05358
0.19463	0.03297
0.02323	0.02221
0.02522	0.01631
0.03685	0.07434
0.02247	0.02157
0.45688	0.02814
0.05205	0.09701
0.043	0.08593
0.05424	0.02104
0.03006	0.04334
0.04862	0.04033
0.04074	0.02809
0.07042	0.0452
0.26185	0.10355
0.17478	0.16449
0.48278	0.26365
1.12798	1.15484
0.00763	0.00711
0.35323	0.36118
0.28133	0.13277
0.11979	0.1205
0.01563	0.00972
0.00509	0.00532
0.34738	0.10372
0.13063	0.04683
0.25679	0.16066
0.53252	0.12808
0.12877	0.10528
0.12802	0.1634
0.47377	0.11355
0.11129	0.10798
0.20044	0.13892
0.28578	0.08767
0.03569	0.04496
0.00192	0.00054
0.0907	0.09002
0.21813	0.10583
0.03931	0.05554
0.23455	0.35536
0.23086	0.06364
0.663	0.07001
0.3929	0.05991
0.28693	0.06123
0.43706	0.072
0.2635	0.27138
0.31708	0.37839
0.19917	0.26328
0.49418	0.52728
1.37358	1.45905
0.14481	0.11566
0.15876	0.05095
0.62234	0.33201
0.02395	0.03855
0.06303	0.02901
0.07217	0.13696
0.11807	0.0998
0.00595	0.00579
0.01199	0.00999
0.17062	0.14266
0.15261	0.04001
0.08392	0.04727
0.11744	0.02982
0.16163	0.06534
0.13864	0.09368
0.05551	0.05621
0.05338	0.06089
0.07012	0.03609
0.25586	0.32053
0.32609	0.06304
0.13952	0.08757
0.26758	0.1746
0.33768	0.22999
0.00323	0.0038
0.07585	0.14931
0.08453	0.0337
0.0777	0.14502
0.04558	0.06002
0.06023	0.04947
0.22895	0.06004
0.08759	0.04434
0.4977	0.04611
1.72597	0.0527
0.87363	0.07023
0.16616	0.0969
0.34179	0.37771
0.39363	0.08891
0.26392	0.07572
0.08287	0.08932
0.12928	0.06162
0.14068	0.28731
0.20264	0.15692
0.46419	0.11066
0.25369	0.26816
0.35459	0.20233
0.60332	0.07418
0.31741	0.10101
0.05569	0.04503
0.19816	0.27697
0.19325	0.25827
0.00643	0.00382
0.03263	0.01462
0.03034	0.02295
0.05548	0.03573
0.05651	0.10091
0.03963	0.03404
0.06091	0.03061
0.06333	0.01618
0.15636	0.01796
0.03096	0.04857
0.09747	0.01878
0.07551	0.03794
0.14647	0.12979
0.26801	0.04629
0.23913	0.0592
0.1849	0.06352
0.10066	0.07795
0.12476	0.06482
0.34515	0.16464
0.35148	0.39617
0.13093	0.16244
0.17327	0.03755
0.1895	0.05022
0.14002	0.25629
0.22207	0.04994
0.294	0.23254
0.22461	0.18302
0.1643	0.11103
0.13184	0.0657
0.14102	0.08668
0.12148	0.09253
0.17032	0.1133
0.16305	0.03614
0.45381	0.17794
0.13745	0.14322
0.17844	0.21082
0.18575	0.05671
0.2541	0.21858
0.17026	0.28303
0.18231	0.14669
0.19382	0.24568
0.0472	0.07293
0.02983	0.02092
0.04527	0.0347
0.1547	0.11636
0.02761	0.03038
0.06636	0.0381
0.07396	0.02465
0.17345	0.08888
0.05535	0.04864
0.11886	0.04923
0.04621	0.04238
0.35378	0.04863
0.33293	0.0612
0.08946	0.08347
0.20518	0.22118
0.25397	0.39177
0.34663	0.09698
0.20179	0.22344
0.5721	0.10486
0.15249	0.13038
0.01146	0.01828
0.02311	0.013
0.02858	0.02004
0.03653	0.01736
0.0394	0.02422
0.03894	0.0062
0.02885	0.02628
0.19372	0.14075
0.06163	0.04625
0.17142	0.04477
0.3653	0.14204
0.46358	0.63502
0.27264	0.24291
0.13167	0.54036
0.3918	0.38204
0.003	0.01526
0.22815	0.2034
0.21305	0.07858
0.01154	0.00854
0.0334	0.01737
0.03548	0.01318
0.0166	0.01286
0.00781	0.00814
0.04062	0.03425
0.01683	0.01507
0.06998	0.04068
0.16116	0.10891
0.08303	0.10211
0.2922	0.07688
0.23033	0.19787
0.07496	0.08583
0.22229	0.09133
0.23904	0.08286
0.95371	0.12081
0.36959	0.10616
0.10195	0.08447
0.31292	0.36473
0.30536	0.07262
0.08523	0.09453
0.17581	0.13657
0.56409	0.22999
0.3932	0.3332
0.18436	0.14615
0.24238	0.30612
0.23483	0.11389
0.45002	0.0653
0.124	0.05175
0.11997	0.04364
0.14034	0.0447
0.0617	0.11143
0.50173	0.3628
0.20106	0.28966
0.28053	0.24133
0.05219	0.10844
0.60341	0.21877
0.51777	0.39229
0.4969	0.38844
0.44827	0.13847
0.01628	0.01524
0.00055	0.0025
0.00055	0.00054
0.00225	0.00221
0.00538	0.00356
0.01751	0.00972
0.00061	0.00055
0.00539	0.00291
0.00339	0.00055
0.00532	0.00104
0.00055	0.00055
0.00088	0.00175
0.00262	0.00054
0.00206	0.00098
0.0058	0.00474
0.01055	0.01167
0.0651	0.03978
0.04439	0.03517
0.28927	0.17848
0.22634	0.05875
0.13232	0.30893
0.08453	0.09357
0.43187	0.20614
0.11092	0.2221
0.09734	0.04921
0.14241	0.05075
0.07655	0.02197
0.29816	0.19236
0.10861	0.23373
0.02256	0.05973
0.13589	0.10589
0.04036	0.03537
0.14722	0.33363
0.00301	0.00516
0.00827	0.00578
0.10364	0.0657
0.18754	0.06619
0.26084	0.06912
0.22174	0.03435
0.0472	0.05464
0.10517	0.05197
0.10761	0.04024
0.05127	0.05067
0.04801	0.07907
0.03148	0.04265
0.08702	0.03333
0.15077	0.0541
0.12327	0.07351
0.03885	0.09299
0.10386	0.06949
0.10732	0.09468
0.13754	0.06967
0.00426	0.00481
0.12732	0.10516
0.02853	0.02154
0.0559	0.01304
0.03302	0.01439
0.01019	0.00674
0.00391	0.00144
0.0044	0.00054
0.00312	0.00116
0.0375	0.01861
0.02909	0.02374
0.06729	0.07744
0.03938	0.01836
0.14752	0.02842
0.0295	0.02491
0.0316	0.00882
0.03709	0.04412
0.03439	0.01076
0.00831	0.03939
0.03267	0.03561
0.01278	0.01434
0.01505	0.01113
0.02631	0.0486
0.1475	0.05875
0.02207	0.03251
0.0075	0.01846
0.01348	0.0038
0.04557	0.02834
0.00109	0.0024
0.00635	0.00287
0.00118	0.00058
0.00059	0.00335
0.00913	0.00676
0.01095	0.00691
0.1729	0.12934
0.04776	0.03243
0.08644	0.07309
0.11009	0.02966
0.10144	0.07187
0.09204	0.02741
0.0436	0.01457
0.03382	0.0295
0.03553	0.04033
0.07469	0.0512
0.06236	0.04431
0.01367	0.02165
0.05575	0.07726
0.09178	0.02479
0.09878	0.01811
0.05013	0.01114
0.06123	0.05813
0.02579	0.00619
0.02986	0.03285
0.04712	0.03343
0.07162	0.04529
0.04834	0.02944
0.0122	0.00287
0.07069	0.08405
0.03809	0.01401
0.06337	0.03736
0.05289	0.01942
0.12928	0.01832
0.03263	0.01591
0.03102	0.02014
0.01183	0.02584
0.13895	0.0147
0.02081	0.01772
0.12992	0.02242
0.12373	0.04743
0.04274	0.03649
0.01976	0.02192
0.13952	0.03083
0.02379	0.05903
0.10211	0.01708
0.17987	0.02068
0.03247	0.02637
0.19221	0.04373
0.15955	0.03346
0.22595	0.08583
0.35516	0.06012
0.34656	0.08454
0.56775	0.14633
0.49269	0.07136
0.23512	0.1926
0.27929	0.08028
0.13463	0.13312
0.15291	0.0753
0.20584	0.10743
0.19495	0.12773
0.01366	0.02195
0.0692	0.07028
0.13328	0.09232
0.04321	0.05913
0.13923	0.05098
0.03623	0.01108
0.00526	0.00513
0.10054	0.04452
0.1112	0.0941
0.04134	0.04221
0.06169	0.02855
0.03398	0.02558
0.07071	0.04721
0.11555	0.02097
0.12036	0.03382
0.18707	0.1799
0.08707	0.0353
0.27212	0.09118
0.06881	0.25634
0.66787	0.11423
0.00208	0.00347
0.04824	0.03186
0.09707	0.07881
0.11	0.11098
0.04797	0.03309
0.1084	0.08578
0.04676	0.03061
0.20939	0.11452
0.11267	0.0396
0.23643	0.08179
0.14454	0.1229
0.10943	0.11853
0.1555	0.06836
0.04193	0.03464
0.03727	0.04328
0.05191	0.03264
0.01249	0.00567
0.02447	0.0155
0.10955	0.08227
0.09362	0.02402
0.09757	0.02466
0.09702	0.02242
0.1512	0.14296
0.39226	0.07677
0.39789	0.07395
0.57314	0.05445
0.13799	0.15005
0.15361	0.0513
0.57047	0.34759
0.10683	0.37267
0.22367	0.19181
0.52609	0.15118
0.0871	0.101
0.13791	0.17462
0.23835	0.08268
0.36932	0.12813
0.14882	0.12177
0.29958	0.16278
0.02826	0.06323
0.09451	0.08282
0.06611	0.04244
0.078	0.01896
0.08009	0.01828
0.12997	0.03524
0.07473	0.05716
0.14636	0.04973
0.01961	0.01508
0.03416	0.02137
0.03301	0.01077
0.06854	0.05492
0.03339	0.0417
0.06589	0.0222
0.10909	0.07086
0.09054	0.05217
0.15088	0.10445
0.15705	0.04829
0.09452	0.04569
0.71409	0.03736
0.43137	0.07643
0.06503	0.05431
0.04655	0.02894
0.08557	0.08831
0.11184	0.1139
0.05173	0.03314
0.01603	0.00874
0.40124	0.35735
0.18177	0.18853
0.28311	0.06798
0.09543	0.0941
0.13224	0.08487
0.22546	0.22457
0.08828	0.06698
0.49593	0.13739
0.09237	0.08605
0.34107	0.45284
0.04396	0.02307
0.16923	0.1426
0.33137	0.08077
0.00612	0.00054
0.0963	0.09036
0.13196	0.07816
0.46425	0.21104
0.41606	0.05623
0.26259	0.22531
0.15219	0.18004
0.14932	0.17833
0.16301	0.05748
0.26331	0.07432
0.07799	0.10598
0.07255	0.08962
0	0
0.03066	0.00299
0.04442	0.05484
0.06687	0.06479
0.14913	0.11503
0.01273	0.01467
0.00055	0.00055
0.00054	0.00055
0.00055	0.00055
0.00083	0.00148
0.01717	0.01792
0	0
0.00055	0.00055
0.00471	0.00917
0.00439	0.00235
0.00055	0.00098
0.00055	0.00055
0.00054	0.00164
0.00138	0.00661
0.01508	0.0068
0.054	0.0866
0.05213	0.11061
0.21061	0.06153
0.30838	0.04243
0.35896	0.0695
0.04993	0.09602
0.19931	0.04523
0.09113	0.03625
0.16989	0.0614
0.09662	0.03463
0.30201	0.05393
0.06713	0.03617
0.06721	0.13554
0.09204	0.05809
0.3601	0.32019
0.06912	0.0885
0.1243	0.13088
0.07596	0.06041
0.15147	0.09866
0.24948	0.05104
0.23464	0.09966
0.19203	0.05405
0.0899	0.25621
0.03889	0.03439
0.04001	0.02016
0.04981	0.1486
0.0141	0.01522
0.0197	0.02375
0.02042	0.00869
0.03437	0.01882
0.08186	0.03079
0.07548	0.02905
0.12521	0.06842
0.04241	0.0473
0.17302	0.01893
0.1623	0.02337
0.21309	0.02789
0.03298	0.03422
0.16148	0.09452
0.26051	0.03648
0.29756	0.07606
0.11212	0.10075
0.09551	0.0246
0.13139	0.02627
0.18773	0.04575
0.36707	0.10254
0.0042	0.00509
0.11562	0.09817
0.13681	0.1699
0.0249	0.02756
0.10618	0.01631
0.01036	0.02524
0.04593	0.02436
0.08978	0.1211
0.03158	0.09731
0.01423	0.02183
0.07904	0.00963
0.0061	0.00851
0.03598	0.01037
0.01999	0.00597
0.03586	0.01411
0.04223	0.0135
0.1433	0.08937
0.03479	0.06723
0.24759	0.03298
0.14331	0.04134
0.04747	0.05208
0.41245	0.03614
0.11249	0.10136
0.02266	0.03906
0.04149	0.04285
0.138	0.05455
0.09537	0.02527
0.20158	0.03827
0.18653	0.14228
0.13844	0.04542
0.1477	0.04188
0.00055	0.00055
0.00232	0.00199
0.07636	0.09452
0.06858	0.02126
0.09672	0.039
0.14917	0.05936
0.02408	0.02333
0.0269	0.02344
0.17288	0.03944
0.0095	0.00367
0.00394	0.0103
0.00164	0.00274
0.0027	0.00463
0.05636	0.04042
0.06622	0.02481
0.0981	0.02772
0.00298	0.00364
0.00195	0.01652
0.00176	0.00055
0.00053	0.00862
0.02347	0.01324
0.01317	0.00588
0.00661	0.00442
0.0966	0.11067
0.11867	0.02528
0.21477	0.02124
0.049	0.01979
0.1673	0.05146
0.19588	0.04669
0.03808	0.05738
0.25531	0.09325
0.58459	0.12795
0.02934	0.05865
0.07204	0.03133
0.15743	0.07716
0.05819	0.21994
0.61125	0.07015
0.10433	0.14795
0.22225	0.06299
0.47113	0.08415
0.04666	0.05829
0.06084	0.0436
0.74759	0.06631
0.09808	0.0788
0.17074	0.13412
0.55382	0.04866
0.07492	0.09729
0.07638	0.11541
0.14817	0.10465
0.38787	1.26795
0.97484	0.56895
1.49478	0.19014
1.474	0.24082
0.23323	0.26485
0.17201	0.10318
2.0585	0.10618
0.59441	0.57814
0.66956	0.52686
0.61781	0.45718
0.54117	0.4439
0.64222	0.60306
0.19046	0.09764
0.57087	0.58604
0.01397	0.01647
0.07479	0.08935
0.1782	0.16671
0.2726	0.16695
0.10677	0.60164
0.35209	0.36303
0.10782	0.19819
2.1985	0.37684
1.62105	0.34114
0.55245	0.46877
0.64406	0.12461
0.79103	0.29063
0.09298	0.0805
0.28156	0.31221
0.03032	0.02604
0.08444	0.07226
0.06404	0.01881
0.2616	0.07038
0.11537	0.07377
0.27413	0.04563
0.27392	0.10709
0.20898	1.09699
2.36447	1.3282
0.14017	0.11029
0.66562	1.21065
0.01308	0.00848
0.36489	0.34951
0.76376	0.34369
0.17667	0.161
0.21528	0.21489
0.6586	0.55161
0.18835	0.07866
0.18778	0.03553
0.14658	0.0643
0.56751	0.64517
0.89104	0.24475
0.67337	0.4049
0.69474	0.35857
0.99618	0.24224
0.87312	0.14387
0.79246	0.17023
0.26473	0.39074
0.3447	0.2173
2.38742	0.121
0.07914	0.04688
0.02351	0.02498
0.03815	0.01705
0.04949	0.03142
0.04061	0.03668
0.02105	0.0388
0.02801	0.01182
0.02648	0.03798
0.10008	0.10924
0.13626	0.10067
0.00549	0.00872
0.02236	0.01282
0.02449	0.00943
0.00173	0.00054
0.0336	0.03929
0.01202	0.00447
0.01777	0.02037
0.00833	0.00804
0.05488	0.0165
0.05567	0.03488
0.0553	0.01359
0.05074	0.03035
0.18742	0.28043
0.59777	0.30114
1.26879	0.68868
1.72649	0.33318
0.01847	0.01677
0.03358	0.02297
0.03207	0.0338
0.04434	0.04311
0.10214	0.09874
0.00194	0.00793
0.00638	0.00839
0.06821	0.05969
0.15337	0.02816
0.11112	0.04054
0.0432	0.02265
0.01027	0.0107
0.00969	0.00745
0.03083	0.01768
0.02735	0.02535
0.00851	0.00353
0.02591	0.01232
0.15779	0.23602
0.80672	0.82954
0.90826	0.31464
0.02684	0.0303
0.31561	0.24468
0.57059	0.33487
0.83167	0.76036
0.32476	0.31358
0.35554	0.22372
0.04427	0.06559
0.1955	0.20026
0.0015	0.00407
0.30571	0.88644
0.35124	0.17289
0.33989	0.08032
0.23378	0.2574
0.20061	0.26533
0.42802	0.4838
0.24918	0.09154
0.38677	0.13091
0.34642	0.21912
0.24726	0.11488
0.35831	0.23352
0.31701	0.34843
0.18521	0.34041
0.17576	0.10553
1.66686	0.1961
2.31263	0.58914
0.85785	0.25123
2.15969	2.17817
0.13679	0.14771
0.00969	0.01751
0.01544	0.01435
0.40078	0.27089
1.05871	1.2209
1.32897	0.65097
0.63047	0.56118
0.11472	0.12083
0.24691	0.24216
0.21804	0.21699
0.36985	0.1246
0.18244	0.04373
0.17058	0.08887
0.04766	0.05187
0.26049	0.12019
0.33884	0.14813
0.55331	0.55571
0.71919	0.78496
0.29659	0.28995
0.43465	0.36004
0.53764	0.41306
0.90358	0.61719
0.12739	0.08167
0.14917	0.14583
0.28636	0.39916
0.06829	0.07569
0.53157	0.28205
0.03194	0.03512
0.3272	0.3636
0.24553	0.17354
0.03875	0.03034
0.10088	0.10085
0.0984	0.03341
0.13896	0.0806
0.04274	0.04856
0.08421	0.23531
0.19417	0.075
0.62314	0.22286
1.07857	0.64941
0.79659	0.54758
0.067	0.12541
0.28001	0.3592
0.0849	0.09141
0.12544	0.16647
0.16154	0.14698
0.16138	0.21671
0.05644	0.03492
0.58808	0.03322
0.27376	0.04681
0.14313	0.05765
0.2719	0.06448
0.55977	0.29497
0.26176	0.08586
0.06789	0.08288
0.06853	0.06235
0.27442	0.05051
0.66476	0.42203
0.53922	0.13598
0.98105	0.14114
0.11591	0.12731
0.31461	0.41149
0.38393	0.07736
0.44805	0.16911
0.34249	0.41969
0.13015	0.36612
0.22504	0.05221
0.24045	0.18362
0.2553	0.23105
0.10862	0.13844
0.22921	0.11643
0.15028	0.17925
0.15308	0.05111
0.37746	0.0419
0.34212	0.04471
0.42565	0.16535
0.75658	1.10338
0.11771	0.13037
0.10083	0.02577
0.155	0.08567
0.01717	0.04821
0.17384	0.18028
0.19979	0.067
0.10396	0.05103
0.98385	0.44729
0.91676	0.19767
0.29751	0.25143
0.61186	0.24989
0.00887	0.00701
0.12763	0.16012
0.27816	0.11387
0.09054	0.07164
0.24606	0.1073
0.06913	0.03942
0.19765	0.07297
0.09315	0.45655
0.52229	0.10855
0.02038	0.02357
0.13288	0.16947
0.24488	0.09848
0.46955	0.15087
0.47417	0.88159
0.12743	0.24485
0.22255	0.19148
0.40665	0.06064
0.18477	0.19527
0.18788	0.06905
0.24528	0.05148
0.03301	0.03189
0.54909	0.04459
0.15718	0.08175
0.28958	0.0358
0.08252	0.07833
0.13274	0.13197
0.17665	0.23263
0.10715	0.04416
0.30431	0.10513
0.15055	0.15363
0.08619	0.07923
0.30225	0.2333
0.34692	0.04697
0.05562	0.04135
0.11295	0.07819
0.25596	0.3855
0.1816	0.21528
0.23116	0.18485
0.1003	0.07435
0.05965	0.09781
0.37233	0.05377
0.04474	0.04573
0.04652	0.04823
0.37024	0.03587
0.0288	0.03955
0.16607	0.12542
0.00733	0.00683
0.05317	0.03795
0.07	0.04499
0.10214	0.04
0.25083	0.13685
0.01954	0.02699
0.00722	0.00603
0.00939	0.00744
0.00505	0.00267
0.00196	0.00054
0.00786	0.00229
0.02915	0.04904
0.03675	0.05224
0.36639	0.14302
0.07413	0.11719
0.22973	0.24942
0.17521	0.12823
0.13924	0.03641
0.04533	0.04042
0.04202	0.03261
0.06033	0.03763
0.21038	0.10305
0.24883	0.04653
0.08467	0.10065
0.04672	0.04365
0.05083	0.04636
0.0489	0.03241
0.0715	0.11456
0.2161	0.06366
0.25743	0.03602
0.17789	0.03793
0.0317	0.06961
0.28972	0.05003
0.27041	0.06278
0.08253	0.14938
0.0424	0.05574
0.14139	0.08362
0.22055	0.21712
0.6907	0.11973
0.13964	0.11927
0.18221	0.1445
0.24808	0.20567
0.26948	0.10928
0.25427	0.22303
0.00248	0.00632
0.0706	0.06983
0.59965	0.00248
0.03787	0.03723
0.11227	0.03833
0.05112	0.08158
0.21802	0.11827
0.23325	0.05896
0.20114	0.34027
0.12835	0.13891
0.48996	0.25946
0.81835	0.10512
0.02972	0.02574
0.00483	0.00477
0.0013	0.0056
0.00668	0.0072
0.00055	0.0061
0.00055	0.00614
0.00739	0.00993
0.00421	0.00378
0.11247	0.12132
0.06875	0.04187
0.40832	0.16928
0.01921	0.01789
0.10777	0.10369
0.17776	0.09824
0.42285	0.41301
0.00298	0.00906
0.21431	0.1665
0.68204	0.29613
0.04756	0.01504
0.52108	0.65751
0.45938	0.15778
0.4997	0.0944
0.08184	0.07798
0.34003	0.08071
0.08727	0.31143
0.05455	0.08454
0.00448	0.00618
0.37439	0.23886
0.20601	0.23128
0.02584	0.03196
0.03452	0.01943
0.0419	0.03189
0.02373	0.01179
0.04746	0.00983
0.0945	0.05151
0.00297	0.00807
0.00337	0.00363
0.02073	0.06307
0.04122	0.01695
0.07156	0.05421
0.00605	0.00394
0.05136	0.05532
0.00863	0.00349
0.00117	0.00195
0.00344	0.00292
0.04719	0.10374
0.00381	0.03064
0.00504	0.00316
0.01788	0.01057
0.01117	0.01226
0.00599	0.0067
0.01401	0.00385
0.00292	0.00134
0.00759	0.00609
0.00601	0.00216
0.00229	0.0047
0.0111	0.01246
0.04619	0.02592
0.04051	0.00924
0.03145	0.019
0.17371	0.03473
0.03191	0.04256
0.06021	0.03749
0.07543	0.14657
0.1198	0.03698
0.12829	0.01623
0.11262	0.01449
0.00365	0.00256
0.00107	0.00236
0.00262	0.00305
0.00151	0.00216
0.0078	0.01034
0.02236	0.03316
0.10839	0.14048
0.02086	0.01955
0.33559	0.28844
0.48839	0.14279
0.02484	0.02383
0.13395	0.09964
0.17875	0.17496
0.10798	0.01004
0.00549	0.00695
0.00952	0.04759
0.02838	0.02193
0.14676	0.12769
0.26061	0.10802
0.33598	0.04316
0.22452	0.03715
0.03514	0.04815
0.00185	0.00391
0.21549	0.1794
0.25961	0.04649
0.09653	0.07024
0.11676	0.03825
0.24244	0.03997
0.16844	0.051
0.23923	0.07137
0.03349	0.03848
0.21092	0.14452
0.27179	0.06336
0.03894	0.06507
0.05202	0.03901
0.10284	0.04366
0.252	0.12072
0.07095	0.16108
0.0416	0.02452
0.02612	0.01857
0.01854	0.0485
0.04389	0.01571
0.0844	0.04532
0.05813	0.01209
0.08122	0.025
0.15893	0.0748
0.03547	0.03593
0.09362	0.13558
0.04157	0.03766
0.05887	0.03955
0.2839	0.0597
0.2899	0.06873
0.1957	0.22985
0.2773	0.10074
0.39165	0.13022
0.04176	0.07663
0.08908	0.0655
0.2581	0.08955
0.19079	0.17474
0.06617	0.04856
0.52298	0.11024
0.88264	0.09151
0.42091	0.14906
0.41898	0.09461
0.50714	0.06822
0.07279	0.47451
0.23472	0.13363
0.13531	0.07023
0.15156	0.06035
0.18766	0.90142
0.16945	0.34991
1.38018	0.14864
0.40608	0.1398
2.66879	0.1521
0.66243	0.08902
2.43803	0.06424
0.26782	0.1169
0.08201	0.15445
5.96923	0.04619
2.98917	0.00055
0.22988	0.30594
0.28006	0.29917
0.12684	0.09419
0.34657	0.24372
0.45412	0.29796
0.88698	0.46205
1.40014	0.43835
2.48372	0.22073
0.69481	0.66939
0.55964	0.08889
0.67074	0.59573
1.24299	0.24371
0.13817	0.12429
1.67684	0.76872
0.33456	0.23146
0.34479	0.17188
0.02826	0.05313
0.21243	0.17085
0.4364	0.26147
0.00055	0.00055
0.03856	0.02034
0.39684	0.44537
0.43166	0.46744
0.23504	0.13393
1.03413	0.15813
0.50204	0.32455
0.86048	0.5428
0.22498	0.27179
0.17799	0.2481
0.18169	0.2056
0.42071	0.2475
0.15028	0.19087
0.24037	0.07777
0.21447	0.06072
0.37628	0.20605
0.90792	0.23614
0.30112	0.10539
0.14176	0.12574
0.2492	0.12933
0.24046	0.17871
0.76429	0.29843
0.39517	0.38102
0.34215	0.10582
0.11096	0.27468
0.04587	0.05046
0.11235	0.11651
0.35861	0.24144
0.29113	0.095
0.40824	0.38993
0.65265	0.29946
0.07068	0.10453
0.38961	0.22372
0.52045	0.11576
0.10179	0.14956
0.2442	0.17892
0.08631	0.08696
0.09375	0.10645
0.27368	0.1161
0.25962	0.12496
0.03549	0.03172
0.36506	0.38478
0.44793	0.11496
0.39205	0.10927
0.07532	0.0339
0.01328	0.01472
0.01712	0.01121
0.17689	0.16733
0.21645	0.09937
0.06224	0.1643
0.38641	0.12615
0.42361	0.31719
0.55149	0.13219
0.31321	0.07666
0.0797	0.07145
0.53899	0.16701
0.44569	0.18277
1.17315	1.39523
0.37815	0.35636
0.29916	0.15685
1.59415	0.10649
0.12073	0.24483
0.06034	0.03597
0.62389	0.62826
1.12823	0.64909
0.65632	0.49081
0.85651	0.24162
0.51996	1.26688
1.53564	0.28634
1.14108	0.13483
0.61679	0.71991
0.56588	0.11764
0.37448	0.37304
0.18514	0.16159
0.13291	0.19127
0.02806	0.02244
0.11496	0.08318
0.12586	0.29757
0.15696	0.08702
0.19743	0.11526
0.29672	0.36043
0.71393	1.52741
1.6331	0.4674
1.124	1.14677
0.46322	0.29993
0.12739	0.11024
0.05862	0.38151
0.31824	0.08116
0.54104	0.31241
0.6313	0.46482
0.85942	0.09292
0.8544	0.14135
1.29672	0.3667
0.19957	0.15758
1.48983	0.05994
0.19983	0.2115
0.34423	0.38759
0.3766	0.78821
0.28927	0.30293
0.67904	0.51887
0.30011	1.06479
0.24249	0.34533
0.47627	0.2866
0.6905	0.52488
0.12776	0.13897
0.21669	0.20898
0.42152	0.23202
0.4774	0.13503
0.46539	0.10478
0.22027	0.24363
0.49334	0.30376
0.02291	0.02887
0.18207	0.11355
0.17144	0.06259
0.36839	0.57589
0.02416	0.64964
0.03762	0.00085
0.00053	0.01312
0.74626	0.26975
0.00211	0.00156
0.11921	0.06548
0.26603	0.18079
0.23475	0.407
0.2573	0.22021
0.10876	0.09106
0.74985	0.23721
0.56556	0.09952
0.16408	0.06622
0.17687	0.07225
0.73794	0.1586
0.69769	0.09743
0.74347	0.15015
0.12988	0.97832
0.10043	0.09671
0.19327	0.09096
0.55922	0.15659
1.12588	1.58922
1.49742	0.31824
0.00823	0.01078
0.19357	0.18401
0.03991	0.04339
0.11558	0.08579
0.17643	0.08684
0.1853	0.08934
0.63696	0.64928
0.26054	0.46575
0.00086	0.85332
0.91086	0.11804
0.09462	0.40079
0.24034	0.0844
1.03189	0.49481
0.93458	0.33761
0.4746	0.57041
0.42171	0.37727
0.31064	0.06762
0.37484	0.23853
0.3707	0.13029
1.09053	1.79118
1.10425	0.56582
0.16023	0.12101
0.17153	0.08185
0.47704	0.44132
0.05962	0.09176
0.17752	0.15894
0.01962	0.05196
0.01273	0.03025
0.03827	0.00643
0.20701	0.57912
0.58724	0.20856
1.78156	0.61447
0.21979	0.24962
0.05974	0.03556
0.10506	0.121
0.20073	0.10356
0.04319	0.04857
0.4465	0.33251
0.32476	0.47947
0.10996	0.18451
0.01852	0.01149
0.01225	0.00604
0.002	0.00055
0.01387	0.00629
0.02566	0.01327
0.02222	0.01344
0.07592	0.10297
0.02959	0.03451
0.29286	0.64291
1.80613	0.41363
1.35288	0.39598
0.01798	0.04387
0.04202	0.03908
0.04636	0.0297
0.03015	0.02414
0.04846	0.01076
0.03941	0.0036
0.00883	0.00905
0.02514	0.00905
0.00493	0.00426
0.00207	0.00729
0.00995	0.00913
0.0108	0.0051
0.00312	0.00054
0.00412	0.00077
0.00086	0.00055
0.01525	0.00339
0.00108	0.00113
0.00718	0.0032
0.0009	0.00778
0.01719	0.00095
0.00888	0.02214
0.11473	0.0116
0.0897	0.01572
0.10899	0.08293
1.11288	0.63996
0.10937	0.47119
2.94802	0.2162
4.81369	0.069
0.39908	0.07636
0.1007	0.09116
0.05233	0.04131
0.33341	0.3371
0.53036	0.23651
0.04771	0.05103
0.06679	0.07128
0.20625	0.19577
0.1084	0.31739
0.73037	0.10291
0.18238	0.177
0.2782	0.48361
0.27187	0.15645
1.09846	0.13837
0.65804	0.66947
0.51555	0.53643
0.27921	0.85365
0.58456	0.24891
0.47995	0.10991
0.18741	0.10019
0.09662	0.06436
0.08277	0.05283
0.18775	0.20058
0.28904	0.11902
0.00197	0.01161
0.0006	0.00124
0.42455	0.39115
0.01213	0.0058
0.02237	0.0244
0.11153	0.11743
0.4708	0.10093
0.30957	0.12541
0.27709	0.28835
0.03865	0.03241
0.0407	0.04856
0.0313	0.03418
0.1966	0.10893
0.21081	0.1022
0.13382	0.07611
0.20134	0.05601
0.76007	0.08624
0.39683	0.19489
0.1542	0.07219
0.22788	0.10484
0.72953	0.35245
0.04889	0.09199
0.06119	0.05925
0.10599	0.10713
0.27428	0.13357
0.32366	0.05646
0.05296	0.0535
0.00908	0.02472
0.11086	0.11146
0.09329	0.04346
0.19591	0.14665
0.15558	0.18113
0.05813	0.09062
0.18016	0.05587
0.23842	0.05507
0.03804	0.03925
0.0431	0.03877
0.08986	0.07212
0.14776	0.02477
0.06716	0.09959
0.00329	0.00681
0.00731	0.0123
0.01159	0.00338
0.05852	0.02641
0.01992	0.0356
0.10778	0.03725
0.02825	0.02432
0.09382	0.02878
0.28102	0.16226
0.11622	0.10013
0.08499	0.09936
0.21277	0.2257
0.09545	0.07563
0.20033	0.25519
0.26973	0.04001
0.10263	0.03996
0.19268	0.17535
0.16578	0.0546
0.03659	0.02636
0.09294	0.14705
0.16403	0.03687
0.12719	0.05057
0.11097	0.04802
0.11342	0.14421
0.26519	0.05611
0.15467	0.05529
0.29945	0.14689
0.55115	0.05018
0.31145	0.05481
0.09043	0.07356
0.12135	0.07651
0.04899	0.05721
0.70443	0.07119
0.5206	0.17985
0.80277	0.38621
0.11405	0.12651
0.45058	0.36726
0.5051	0.19604
0.49366	0.09876
0.06077	0.06662
0.36729	0.3119
0.42379	0.1722
0.61475	0.19262
0.90086	0.07627
0.26452	0.11266
0.07283	0.08936
0.08235	0.0673
0.1511	0.11508
0.20299	0.06554
0.02668	0.13167
0.09875	0.08427
0.34024	0.16451
0.1285	0.2384
0.18927	0.05132
0.27121	0.06765
0.13686	0.09866
0.13789	0.09927
0.05985	0.05446
0.05552	0.02719
0.08019	0.13778
0.12247	0.11544
0.25968	0.37233
0.12423	0.08637
0.12351	0.35747
1.05132	0.09914
0.45435	0.52527
0.21928	0.24859
0.28472	0.05302
0.27861	0.04578
0.08949	0.07924
0.08193	0.05844
0.21732	0.06488
0.28996	0.07755
0.32667	0.16387
0.06885	0.07019
0.27018	0.86157
0.35207	0.0725
0.41179	0.27838
0.36292	0.29675
0.06422	0.09711
0.06238	0.0906
0.25853	0.2091
0.2695	0.07464
0.05873	0.05493
0.16777	0.17854
0.25725	0.10796
0.29066	0.0514
0.08098	0.05364
0.25628	0.26244
0.11466	0.11672
0.2626	0.02621
0.17502	0.02746
0.17415	0.05095
0.25304	0.08056
0.08838	0.09735
0.06098	0.04904
0.22841	0.14074
0.23528	0.05551
0.0411	0.0526
0.01073	0.00699
0.10684	0.09587
0.17963	0.0953
0.21962	0.05469
0.12355	0.1138
0.1697	0.07025
0.01517	0.02329
0.07292	0.05092
0.07663	0.06232
0.04978	0.05277
0.11958	0.10693
0.08641	0.05761
0.07747	0.03031
0.13735	0.03619
0.05605	0.06811
0.09318	0.08817
0.33932	0.03104
0.07981	0.02739
0.04488	0.03077
0.04958	0.04964
0.04135	0.02576
0.05971	0.04093
0.08246	0.06181
0.06286	0.04863
0.69395	0.38425
0.13189	0.27279
0.14725	0.15341
0.1451	0.19741
0.22308	0.19964
0.64112	0.27538
0.31012	0.27974
0.31348	0.05147
0.11443	0.11572
0.04459	0.05232
0.15083	0.12747
0.11967	0.12111
0.11417	0.22209
0.00259	0.01178
0.08372	0.08284
0.0214	0.01719
0.05661	0.01936
0.05932	0.03265
0.03375	0.03296
0.03013	0.03167
0.03488	0.01601
0.14685	0.11698
0.11289	0.0348
0.13963	0.11056
0.27541	0.16427
0.31454	0.10406
0.18243	0.10453
0.09119	0.11943
0.22381	0.19715
0.21865	0.16492
0.06033	0.04671
0.09298	0.03916
0.01654	0.00958
0.05409	0.06919
0.0608	0.02016
0.16376	0.10446
0.06848	0.04909
0.06476	0.05397
0.09154	0.16026
0.03891	0.04586
0.02363	0.01133
0.02557	0.01305
0.04972	0.01658
0.03547	0.01937
0.08198	0.07561
0.05217	0.05587
0.05566	0.0405
0.02895	0.02678
0.01455	0.00767
0.04402	0.0429
0.01414	0.0181
0.14983	0.01499
0.03966	0.01003
0.10422	0.09511
0.06833	0.04495
0.13936	0.06183
0.15241	0.03666
0.05859	0.04194
0.14298	0.33028
0.08302	0.06671
0.58376	0.05808
0.00808	0.00461
0.1535	0.20637
0.12934	0.13349
0.19261	0.08106
0.07747	0.12881
0.43616	0.08499
0.56076	0.12375
0.2194	0.33759
0.30571	0.09819
0.15242	0.22077
0.35115	0.13527
0.36266	0.4457
0.0369	0.05788
0.05348	0.04952
0.04451	0.04454
0.14572	0.09636
0.28199	0.05819
0.0949	0.11899
0.1948	0.07987
0.00528	0.00384
0.00639	0.00855
0.00563	0.00985
0.02307	0.03376
0.02182	0.01265
0.09152	0.02052
0.17628	0.1629
0.06355	0.03698
0.03748	0.12506
0.09261	0.03654
0.0317	0.05393
0.44059	0.01925
0.03608	0.0195
0.00942	0.00651
0.11031	0.03902
0.03859	0.49186
0.02273	0.02105
0.03394	0.01903
0.05378	0.0903
0.05279	0.01531
0.02497	0.01547
0.05646	0.03778
0.09801	0.04983
0.03007	0.0235
0.07247	0.05054
0.03959	0.06804
0.03115	0.04678
0.55774	0.06443
0.4037	0.0365
0.32719	0.08599
0.09194	0.13404
0.16788	0.04338
0.25149	0.11115
0.06257	0.0316
0.0341	0.0105
0.03796	0.02263
0.06621	0.03388
0.04474	0.02196
0.14664	0.14927
0.19122	0.04398
0.1917	0.03442
0.0935	0.10738
0.02818	0.01668
0.03914	0.0206
0.17394	0.10211
0.04629	0.04808
0.09431	0.04721
0.02849	0.04169
0.07749	0.01793
0.03856	0.01108
0.03929	0.02768
0.06991	0.07477
0.09943	0.02921
0.07239	0.01073
0.03333	0.00904
0.12217	0.01187
0.06839	0.00766
0.02203	0.00935
0.08284	0.01295
0.09996	0.01826
0.15842	0.07158
0.03115	0.02357
0.17108	0.02562
0.24948	0.31386
0.01	0.01713
0.02193	0.03244
0.00054	0.01408
0.00999	0.00669
0.01421	0.0025
0.00055	0.00055
0.00055	0.00057
0.00381	0.00053
0.01966	0.00533
0.00086	0.00053
0.00232	0.00059
0.00514	0.00159
0.00619	0.00237
0.00159	0.00058
0.00055	0.00056
0.00055	0.00055
0.00083	0.00055
0.00055	0.00055
0.0045	0.00055
0.00264	0.00055
0.00621	0.00052
0.00211	0.00065
0.00539	0.00054
0.00239	0.00189
0.00504	0.00054
0.00484	0.00564
0.01909	0.00456
0.04448	0.07203
0.08339	0.02908
0.25183	0.14165
0.30145	0.05481
0.25409	0.04451
0.07755	0.11309
0.53834	0.05694
0.09183	0.04121
0.22825	0.08052
0.67058	0.05186
0.79849	0.08376
0.07424	0.07033
0.52324	0.05849
0.0859	0.07025
0.57506	0.0564
0.15662	0.08206
0.66344	0.10415
0.07347	0.08341
0.20735	0.07709
0.06687	0.11599
0.85763	0.08696
1.20461	0.20221
0.20663	0.15931
1.3513	0.8001
0.13267	0.22557
0.32347	0.33541
0.11827	0.05883
0.2207	0.19585
0.15384	0.10067
0.22679	0.43794
0.08748	0.0929
0.72675	0.15861
0.49151	0.04612
0.01028	0.0837
0.07657	0.07687
0.20058	0.09835
0.37997	0.22002
0.09332	0.10678
0.20302	0.61004
0.26539	0.11938
0.21065	0.15201
0.17515	0.09865
0.10405	0.14905
0.21909	0.38761
0.14175	0.07482
0.2987	0.2815
0.45591	0.07945
0.00471	0.00406
0.25096	0.19305
0.68289	0.54691
0.15314	0.19829
0.00124	0.00054
0.07172	0.0731
0.14066	0.24799
0.16997	0.08459
0.0755	0.06853
0.65228	0.0724
0.07331	0.07223
0.07171	0.35474
0.54407	0.06542
0.37014	0.41671
0.01576	0.00752
0.12904	0.15267
0.20981	0.12846
0.10016	0.17949
0.20584	0.13115
0.18599	0.0605
0.19826	0.05809
0.19435	0.19631
0.15958	0.16881
0.12401	0.0953
0.10698	0.0904
0.01355	0.01058
0.01007	0.00132
0.01964	0.02464
0.02876	0.01522
0.0426	0.01971
0.02871	0.00745
0.02036	0.01459
0.03555	0.03096
0.05738	0.06252
0.03571	0.03193
0.06758	0.02142
0.07258	0.09005
0.06641	0.0611
0.07772	0.07131
0.15628	0.0438
0.43701	0.20999
0.06198	0.46935
0.50744	0.14087
0.5658	0.10527
0.37262	0.27237
0.28103	0.62255
0.06828	0.17159
0.11281	0.10046
0.12415	0.12564
0.16916	0.03883
0.06502	0.18038
0.01079	0.01301
0.00795	0.00534
0.55444	0.01753
0.03371	0.01362
0.0895	0.09592
0.02784	0.04294
0.16198	0.12481
0.09073	0.06646
0.55281	0.18873
0.39752	0.08395
0.16264	0.07987
0.00517	0.00352
0.29892	0.40702
0.69479	0.44694
0.79715	0.53559
0.00988	0.00511
0.00866	0.0106
0.09208	0.10747
0.0492	0.04594
0.03837	0.0162
0.09858	0.11187
0.11567	0.03738
0.13181	0.03595
0.23681	0.07236
0.2011	0.26355
0.0425	0.00062
0.03717	0.02487
0.08271	0.38946
0.1417	0.16997
0.12402	0.1574
0.28963	0.58144
0.39198	0.17004
0.31508	0.15913
0.0975	0.17951
0.11901	0.0596
0.13543	0.34618
0.35151	0.47511
0.64527	0.20605
0.28033	0.28385
0.03537	0.03587
0.24355	0.26491
0.38077	0.05105
0.05521	0.05295
0.05793	0.06357
0.25026	0.44843
0.08445	0.08259
0.29127	0.23068
0.06359	0.03776
0.2394	0.17409
0.26413	0.08986
0.19495	0.65221
0.10436	0.08051
0.14339	0.04432
0.11227	0.14541
0.04227	0.04992
0.16628	0.18357
0.0604	0.07233
0.05358	0.026
0.12014	0.02532
0.09913	0.02224
0.11769	0.03807
0.02129	0.02332
0.25042	0.09877
0.01968	0.01077
0.12644	0.08487
0.0304	0.02989
0.00488	0.00437
0.01821	0.0095
0.17119	0.11671
0.26402	0.07302
0.05348	0.1012
0.12992	0.0398
0.05632	0.03786
0.22349	0.09261
0.02897	0.04577
0.04245	0.03817
0.06702	0.03625
0.0952	0.13936
0.25267	0.17089
0.05472	0.20622
0.10632	0.08943
0.06844	0.12395
0.13197	0.12784
0.0842	0.04112
0.15327	0.05642
0.07862	0.10752
0.32724	0.14788
0.09459	0.0408
0.03399	0.04606
0.02182	0.02398
0.11496	0.06489
0.07119	0.09317
0.18626	0.11358
0.04442	0.05702
0.22687	0.03187
0.14167	0.04952
0.59699	0.05982
0.01393	0.00051
0.03355	0.04388
0.1021	0.05549
0.1338	0.09468
0.04664	0.03671
0.04323	0.03246
0.00347	0.0081
0.01992	0.01562
0.04287	0.03384
0.03673	0.02837
0.07429	0.03278
0.10246	0.04011
0.06072	0.04407
0.1245	0.04116
0.19489	0.10479
0.24108	0.07078
0.164	0.75207
0.0613	0.10848
0.02222	0.02946
0.03762	0.05316
0.07869	0.02603
0.08225	0.04659
0.07681	0.09213
0.05061	0.0225
0.05019	0.02836
0.00632	0.01549
0.04675	0.04411
0.04049	0.01394
0.02352	0.00609
0.01203	0.01506
0.01871	0.0198
0.10024	0.05977
0.07086	0.02066
0.03657	0.0347
0.12802	0.03066
0.04615	0.02108
0.10167	0.18296
0.01423	0.00601
0.04266	0.05389
0.00955	0.00515
0.0253	0.01286
0.05404	0.01344
0.01057	0.01674
0.03227	0.02827
0.01076	0.00548
0.04349	0.02712
0.04744	0.01581
0.03373	0.01085
0.02903	0.02373
0.06955	0.02446
0.07552	0.06588
0.0302	0.04274
0.13801	0.02828
0.06896	0.03742
0.07536	0.07606
0.33726	0.12002
0.11455	0.12489
0.74495	0.06752
0.22075	0.07997
0.06393	0.07968
0.75787	0.06942
0.13211	0.17241
0.22038	0.10952
0.06418	0.07402
0.14761	0.02287
0.01209	0.01197
0.23075	0.20964
0.16405	0.05265
0.30495	0.04146
0.2201	0.03944
0.31429	0.06775
0.5185	0.1042
0.32428	0.05722
0.54256	0.24935
0.04992	0.0655
0.14447	0.15001
0.17642	0.15569
0.25251	0.1485
0.58308	0.5208
1.20322	0.48008
0.01019	0.0082
0.00361	0.00671
0.00105	0.00228
0.60474	0.69929
0.15025	0.13576
0.24859	0.19895
0.28242	0.3079
0.09578	0.16196
0.32301	0.08354
0.29734	0.0436
0.10419	0.03557
0.18304	0.04787
0.30636	0.0967
0.24241	0.06709
0.10353	0.37736
0.90185	0.12864
0.41124	0.14142
0.18036	0.07517
0.29093	0.05588
0.40079	0.64668
0.23933	0.24933
0.43352	0.34728
0.53493	0.10917
0.17321	0.1697
0.39712	0.48703
0.39274	0.12444
1.02938	0.55301
0.1179	0.11099
0.16839	0.05557
0.22122	0.06771
0.17257	0.05745
0.15255	0.04626
0.3906	0.09163
0.45601	0.18259
0.06721	0.0537
0.0121	0.01589
0.01478	0.00662
0.00487	0.00344
0.00423	0.00442
0.24022	0.00446
0.01303	0.0058
0.01011	0.00972
0.08955	0.03309
0.06919	0.02919
0.02819	0.0588
0.01879	0.0156
0.00921	0.02059
0.03348	0.02635
0.006	0.02225
0.01131	0.00269
0.01295	0.0017
0.01912	0.00517
0.00392	0.00283
0.01053	0.00935
0.00836	0.01988
0.0364	0.00803
0.03604	0.01872
0.08643	0.05424
0.09141	0.0996
0.20923	0.0357
0.36577	0.02879
0.28583	0.05059
0.15362	0.0653
0.38749	0.22448
0.12556	0.18487
0.19926	0.68476
0.2587	0.118
0.35644	0.40138
0.31451	0.10661
0.77032	0.20936
0.32818	0.5397
0.03447	0.03124
0.16331	0.11398
0.05675	0.18047
0.05988	0.06443
0.00055	0.00055
0.00723	0.00749
0.00603	0.00296
0.01517	0.00421
0.00769	0.00643
0.02675	0.00871
0.0439	0.01637
0.03839	0.02902
0.00794	0.00439
0.00055	0.00137
0.00151	0.00209
0.02771	0.02739
0.00788	0.01271
0.00058	0.00055
0.00053	0.00073
0.01207	0.01143
0.00309	0.00329
0.00058	0.00055
0.00058	0.00085
0.00058	0.00219
0.00055	0.00055
0.00055	0.00055
0.00186	0.00057
0.01677	0.0007
0.00437	0.00448
0.00339	0.00438
0.0034	0.00332
0.00624	0.00161
0.0046	0.01663
0.00743	0.00632
0.04547	0.01854
0.03808	0.05753
0.00434	0.00762
0.00055	0.00055
0.00503	0.0088
0.00287	0.00501
0.00055	0.00055
0.01155	0.00607
0.0018	0.00142
0.00877	0.00284
0.00093	0.00053
0.00665	0.00286
0.00055	0.00055
0.00989	0.00156
0.01288	0.01321
0.00465	0.00316
0.00535	0.00221
0.00055	0.00058
0.00697	0.01164
0.00671	0.00521
0.00364	0.00622
0.01466	0.00272
0.01677	0.00172
0.00283	0.00218
0.02964	0.0116
0.03119	0.04567
0.02847	0.01403
0.07536	0.01361
0.03319	0.01941
0.05579	0.04146
0.14576	0.08925
0.23638	0.23855
0.11574	0.38673
0.38326	0.18089
1.00428	0.07789
0.1104	0.06388
0.06097	0.06162
0.16399	0.17044
0.65965	0.36248
1.38592	0.87109
0.17162	0.11847
0.74815	0.28544
0.18728	0.13934
0.09054	0.06062
0.19745	0.43921
0.3238	0.14133
0.4277	0.19906
1.04913	0.48395
0.38617	0.21723
0.0268	0.04172
0.01506	0.05609
0.06367	0.01261
0.07219	0.0585
0.58951	0.95255
0.88341	0.90782
0.50495	0.54166
0.97083	0.5876
0.20457	0.17209
0.10308	0.09385
0.15159	0.0398
0.201	0.05672
0.04785	0.05762
0.41275	0.1787
0.14885	0.88528
0.23604	0.1704
0.19247	0.34943
0.58499	0.46967
2.43994	4.25737
2.94709	1.55016
0.86306	2.08483
1.19899	1.9312
1.08489	0.40426
0.04425	0.04213
0.10271	0.11319
0.2496	0.16216
0.31403	0.18126
0.15657	0.09901
0.21591	0.20874
0.06546	0.08009
0.10549	0.046
0.04092	0.07531
0.01094	0.00597
0.03744	0.02003
0.03461	0.04336
0.16287	0.19174
0.52381	0.18548
0.15162	0.07123
0.01941	0.01687
0.00955	0.00739
0.0433	0.03055
0.05317	0.04711
0.12919	0.04303
0.20353	0.02897
0.09444	0.09174
0.00968	0.0109
0.01196	0.04649
0.06714	0.07409
0.01048	0.01541
0.01295	0.0086
0.01091	0.00668
0.04097	0.064
0.00859	0.00603
0.00609	0.00278
0.01976	0.00372
0.00635	0.00413
0.00371	0.00639
0.03358	0.02095
0.01778	0.04036
0.03192	0.04714
0.10983	0.02977
0.02412	0.02882
0.09746	0.02063
0.03942	0.03493
0.16432	0.03705
0.00055	0.00328
0.07459	0.06412
0.07413	0.06498
0.01831	0.0008
0.00354	0.00792
0.00292	0.00578
0.00858	0.00637
0.00596	0.00881
0.00055	0.00083
0.00302	0.00277
0.00935	0.00263
0.01913	0.00793
0.01598	0.02869
0.00966	0.01458
0.01869	0.00853
0.00423	0.00976
0.00988	0.01397
0.03215	0.07321
0.01653	0.00861
0.01788	0.01997
0.04404	0.01086
0.00059	0.00668
0.00478	0.0028
0.00214	0.00176
0.00494	0.0095
0.00813	0.00847
0.00653	0.00587
0.05962	0.05398
0.02421	0.00964
0.05264	0.01059
0.00677	0.02273
0.01244	0.00465
0.00728	0.01206
0.01362	0.00983
0.01729	0.01839
0.00137	0.00241
0.00226	0.01145
0.0129	0.00497
0.00761	0.01609
0.01012	0.01751
0.00999	0.00683
0.01016	0.00575
0.00055	0.00191
0.01024	0.00651
0.02232	0.00512
0.01174	0.00617
0.00919	0.00573
0.00712	0.01038
0.01944	0.01679
0.04378	0.01646
0.00727	0.01181
0.01617	0.01538
0.0746	0.0718
0.05777	0.03167
0.03096	0.02911
0.10989	0.06431
0.18792	0.06218
0.41571	0.46245
0.59894	0.50247
0.43752	0.31209
0.85127	0.0746
0.16666	0.20043
0.35954	0.36623
0.14236	0.13838
0.40958	0.24677
0.25432	0.15447
0.63493	0.05939
0.41082	0.05749
0.87527	0.0824
0.59695	0.54603
0.11231	0.15526
0.37309	0.40139
0.37353	0.41509
0.54356	0.10618
0.61466	0.21344
0.10142	0.06947
0.13099	0.28389
0.07356	0.11609
0.95384	0.1199
0.55323	0.5393
0.99324	0.1629
0.35489	0.35719
0.34308	0.34344
0.07424	0.079
0.12237	0.11392
0.22424	0.10243
0.25954	0.11771
0.26198	0.57667
0.11743	0.10013
0.29086	0.26294
0.12598	0.1077
0.15397	0.08938
0.03937	0.02764
0.0256	0.01548
0.26884	0.07262
0.03344	0.02013
0.02628	0.02558
0.2537	0.13247
0.35092	0.34687
0.05843	0.20129
1.97402	0.28655
0.12929	0.12162
0.22806	0.05943
0.07464	0.06778
0.09508	0.01824
0.046	0.13927
0.044	0.01683
0.10283	0.06333
0.02288	0.02123
0.30833	0.08396
0.18082	0.11504
0.05785	0.03995
0.1604	0.06395
0.16829	0.05808
0.21703	0.05721
0.15236	0.10393
0.013	0.04233
0.05039	0.02532
0.17371	0.14491
0.03701	0.04446
0.07753	0.06997
0.25138	0.13294
0.06909	0.06032
0.00332	0.00168
0.00287	0.016
0.0395	0.03588
0.08981	0.06292
0.1292	0.05402
0.08559	0.0835
0.05924	0.04929
0.08105	0.0436
0.13576	0.08816
0.1752	0.03472
0.01448	0.00645
0.03503	0.01096
0.01125	0.00807
0.06414	0.01837
0.01782	0.01525
0.04308	0.03617
0.06071	0.05459
0.03635	0.16223
0.01984	0.02616
0.03486	0.0127
0.04725	0.09635
0.01844	0.01555
0.01304	0.00765
0.02367	0.01417
0.02204	0.02504
0.04378	0.10366
0.00687	0.00122
0.0378	0.03049
0.03527	0.01205
0.04431	0.093
0.06905	0.01986
0.01402	0.01519
0.052	0.12502
0.02333	0.01797
0.06929	0.02793
0.00836	0.01762
0.01133	0.00679
0.04339	0.03099
0.03615	0.04268
0.02527	0.00779
0.00789	0.01084
0.01098	0.018
0.03185	0.01684
0.0056	0.00977
0.01419	0.01499
0.01895	0.01402
0.00916	0.03446
0.00346	0.00776
0.01418	0.02659
0.02348	0.00648
0.0342	0.00606
0.0231	0.00606
0.00881	0.00687
0.01062	0.00912
0.00055	0.00055
0.00575	0.01086
0.01763	0.00544
0.01794	0.01531
0.01855	0.01219
0.00442	0.00078
0.01099	0.01232
0.09	0.01074
0.02479	0.00273
0.03927	0.01096
0.02908	0.01719
0.02176	0.00927
0.01046	0.0113
0.02306	0.01099
0.0232	0.00836
0.01185	0.00608
0.03145	0.01436
0.02862	0.01185
0.01118	0.0148
0.04711	0.01906
0.04951	0.02146
0.0111	0.01543
0.04126	0.01868
0.06464	0.0197
0.07422	0.03333
0.07107	0.02225
0.1084	0.01906
0.18333	0.13402
0.04054	0.05705
0.03639	0.03363
0.17507	0.03213
0.03428	0.03023
0.11781	0.047
0.38903	0.07074
0.3659	0.13604
0.73001	0.30566
0.56912	0.11294
0.04537	0.06032
0.06175	0.06015
0.1408	0.06905
0.28798	0.06191
0.07745	0.03322
0.21954	0.23745
0.28922	0.17545
0.51229	0.1655
0.21477	0.32565
0.11664	0.10423
0.25124	0.1148
0.33787	0.01762
0.08971	0.12503
0.44394	0.15508
0.48507	0.14906
0.1761	0.0964
0.07324	0.12017
0.01883	0.01738
0.00124	0.00604
0.01314	0.0017
0.02269	0.0423
0.06157	0.03344
0.17777	0.18836
0.29785	0.12848
0.06011	0.06355
0.45321	0.24396
0.09814	0.11176
0.02824	0.01989
0.03823	0.02463
0.16821	0.17202
0.13477	0.0533
0.23202	0.11262
0.5861	0.34603
0.11344	0.14487
0.00765	0.01007
0.01472	0.00376
0.04641	0.16171
0.15471	0.0536
0.26137	0.07148
0.03645	0.01173
0.01359	0.01877
0.00584	0.00775
0.02636	0.01032
0.008	0.00162
0.01454	0.00568
0.00903	0.01005
0.0143	0.01483
0.02735	0.01307
0.02222	0.00654
0.04815	0.03771
0.06023	0.02324
0.05208	0.03318
0.04728	0.17132
0.27989	0.08001
0.23112	0.0498
0.08069	0.29964
0.60393	0.0691
0.0281	0.04588
0.08348	0.06117
0.04449	0.07763
0.07161	0.10483
0.10135	0.02726
0.0739	0.04719
0.14425	0.057
0.15324	0.15238
0.01586	0.00982
0.05073	0.0263
0.06658	0.01628
0.00651	0.00371
0.00415	0.00679
0.01428	0.00852
0.03488	0.02053
0.01672	0.03749
0.07757	0.09001
0.09166	0.04052
0.19521	0.07476
0.49007	0.28842
0.03211	0.03939
0.0675	0.02507
0.31602	0.1192
0.12686	0.1076
0.22078	0.05755
0.45473	0.43934
0.58091	0.1015
0.08118	0.06161
0.48409	0.5798
1.02056	0.29594
0.33075	0.60406
0.03586	0.04275
0.09408	0.01372
0.00677	0.05273
0.01391	0.01245
0.02711	0.0191
0.02425	0.01166
0.05019	0.01307
0.11024	0.03071
0.13036	0.06786
0.13588	0.22612
0.41242	0.09477
0.09396	0.08678
0.09165	0.05181
0.39497	0.11578
0.0129	0.02765
0.16666	0.13441
0.1897	0.04516
0.01783	0.01732
0.04549	0.09227
0.02405	0.02549
0.05784	0.06581
0.74086	0.1381
0.25552	0.3479
0.00928	0.02335
0.01752	0.01372
0.03328	0.05018
0.04827	0.01872
0.03358	0.01229
0.01096	0.00332
0.00252	0.00689
0.10819	0.08899
0.14101	0.04489
0.19187	0.04118
0.00757	0.00576
0.18137	0.13646
0.03039	0.0176
0.04243	0.02845
0.0222	0.00822
0.02804	0.02398
0.02878	0.11819
0.13276	0.05817
0.00559	0.01285
0.02438	0.02018
0.0561	0.05978
0.11468	0.03666
0.05398	0.04285
0.01764	0.01585
0.08803	0.02035
0.21176	0.02364
0.13184	0.03327
0.00442	0.01134
0.02746	0.00232
0.01925	0.01505
0.05502	0.03425
0.04491	0.00915
0.0961	0.09547
0.01061	0.00471
0.00183	0.03588
0.0057	0.00453
0.03994	0.01159
0.02898	0.01268
0.02176	0.02193
0.03027	0.00777
0.03087	0.03371
0.15149	0.04105
0.11456	0.04134
0.25344	0.02273
0.02149	0.02129
0.05669	0.02764
0.02271	0.0213
0.05108	0.03429
0.04577	0.01838
0.15095	0.07741
0.09702	0.10824
0.06872	0.04895
0.19783	0.14976
0.02579	0.03026
0.12695	0.07123
0.09143	0.03943
0.02899	0.03506
0.009	0.0116
0.04604	0.01765
0.22055	0.04635
0.03729	0.0389
0.13494	0.03704
0.05436	0.05197
0.10897	0.13504
0.19427	0.05766
0.2282	0.19842
0.0955	0.09035
0.0353	0.03597
0.05708	0.03406
0.07924	0.02559
0.13981	0.06367
0.02036	0.00852
0.01453	0.03756
0.01118	0.0129
0.11091	0.085
0.04041	0.03581
0.10747	0.10985
0.11778	0.04061
0.04579	0.04091
0.08802	0.02611
0.20565	0.0722
0.27282	0.08182
0.5127	0.4186
0.0806	0.09686
0.05402	0.05602
0.04945	0.01641
0.09372	0.08195
0.05251	0.08792
0.03906	0.04552
0.06209	0.03875
0.05618	0.07145
0.09455	0.02007
0.02894	0.01972
0.19504	0.12729
0.23935	0.03834
0.06226	0.05659
0.14262	0.10224
0.02375	0.00405
0.02369	0.01892
0.10124	0.18343
0.00197	0.00325
0	0
0	0
0.03206	0.03892
0.02461	0.01317
0.087	0.0269
0.05292	0.01796
0.1748	0.03505
0.14896	0.02906
0.01005	0.00109
0.02942	0.01586
0.03051	0.01807
0.04048	0.03666
0.05436	0.00975
0.03586	0.04711
0.02975	0.00826
0.00448	0.00943
0.01433	0.00639
0.06899	0.01843
0.08015	0.05756
0.0543	0.0738
0.90611	1.65149
0.93919	0.23953
0.0109	0.01092
0.31759	0.36423
0.27153	0.24048
0.20751	0.4061
0.49358	0.18674
0.46602	0.10669
0.28023	0.0984
0.3293	0.03266
0.05159	0.09209
0.03279	0.02996
0.01724	0.01187
0.11808	0.06831
0.0146	0.00055
0.01815	0.03082
0.04548	0.01689
0.13692	0.04909
0.10881	0.05629
0.03349	0.06016
0.02655	0.01438
0.13556	0.09072
0.10024	0.16464
0.00726	0.0131
0.02728	0.02029
0.03273	0.02809
0.0316	0.10202
0.10768	0.03262
0.06823	0.01983
0.02403	0.01884
0.04696	0.0507
0.13772	0.01814
0.0579	0.02461
0.04451	0.03616
0.00714	0.00219
0.0186	0.01182
0.01517	0.01179
0.03288	0.01832
0.04769	0.0529
0.02992	0.03752
0.01833	0.07581
0.06074	0.0606
0.02535	0.01673
0.04068	0.03419
0.01316	0.02203
0.02963	0.01161
0.02542	0.03574
0.08745	0.08719
0.0635	0.03737
0.03068	0.04104
0.04556	0.03767
0.00531	0.00816
0.00439	0.00092
0.00269	0.0008
0.02787	0.01194
0.02579	0.01382
0.05434	0.03456
0.01911	0.02576
0.09614	0.09108
0.00081	0.00055
0.02068	0.01067
0.01207	0.00889
0.00105	0.01034
0.08081	0.02384
0.05524	0.01144
0.00379	0.00116
0.00267	0.00073
0.00805	0.01616
0.00509	0.00513
0.00208	0.00136
0.01617	0.00138
0.00538	0.00723
0.01042	0.00912
0.04505	0.0071
0.03911	0.00885
0.06388	0.02814
0.00445	0.00325
0.04315	0.00665
0.00055	0.00055
0.02766	0.00809
0.00661	0.00818
0.00352	0.00748
0.00723	0.00464
0.02889	0.04455
0.00404	0.0057
0.03984	0.00101
0.01855	0.00458
0.00573	0.01141
0.00273	0.00582
0.01832	0.00599
0.03724	0.00167
0.01794	0.01015
0.00842	0.00084
0.01968	0.00563
0.00822	0.00056
0.00504	0.00177
0.01007	0.00232
0.0075	0.00438
0.04525	0.01215
0.06199	0.0485
0.05693	0.01415
0.04077	0.01258
0.05478	0.01572
0.03775	0.03967
0.02199	0.02028
0.0537	0.0206
0.04871	0.01886
0.16803	0.02821
0.01722	0.02321
0.08121	0.03931
0.08423	0.09357
0.1111	0.06541
0.09396	0.02207
0.27415	0.02632
0.04139	0.02028
0.1018	0.03481
0.03904	0.04144
0.28873	0.22922
0.47896	0.10037
0.21798	0.14528
0.10266	0.12264
0.10678	0.06303
0.15599	0.09061
0.06799	0.15258
0.06499	0.04637
0.25805	0.09531
0.83945	0.33292
0.11404	0.22296
0.1931	0.11759
0.10732	0.09681
0.07237	0.07222
1.13616	0.09285
0.44151	0.1531
0.80676	0.28284
1.00119	0.49666
0.17594	0.27182
0.22639	0.50945
0.35045	0.11485
0.11842	0.15326
0.11947	0.11943
0.18229	0.08811
0.30821	0.0913
0.07551	0.13399
0.10244	0.18703
0.2853	0.13845
1.13166	0.11995
0.13197	0.07198
0.583475	0.583475
