229854
4322265
213358
172946
4452949
734152
4308961
759363
4323734
823009
4423155
3106714
2286116
3190878
4391683
1133369
219508
288404
346735
815912
266521
1928988
114015
3825327
4460175
4015030
1133483
729293
3014179
4427993
4343117
4409929
1142178
4332975
699249
4438491
4340384
801940
1941303
4042859
576962
202459
4363260
4271527
4446882
3064426
4386156
3726184
182569
4363259
114724
3871866
202949
3269889
4423550
2679839
1837676
4344033
180127
4479774
202758
202294
82092
2730777
3366304
4409453
2361381
1718272
4417185
150571
203220
426860
268769
4336814
3192744
104534
573196
836195
150700
202449
4455990
1824285
4459468
4371218
3779572
4251079
2107103
1129716
203529
4022282
2984017
951205
717487
1931714
823117
1138804
4336154
201206
708774
123662
4298210
3761685
294612
2909029
300695
4349225
730039
222095
225636
539547
4091454
3390949
4377103
4363563
3256066
4463866
1128285
2014493
3770699
202302
2170497
4097115
696036
4323100
1145804
