48392
48393
48394
48395
48396
48397
48398
48399
48400
48401
48411
48412
48413
48414
48415
48416
48417
48418
48419
48420
42703
42704
42705
42706
42707
42708
42712
42713
42714
42716
42792
42793
42794
42795
42796
42797
42798
42799
42783
42784
42800
42802
42803
42804
42889
42890
42891
42893
42998
42999
43009
43010
43099
43100
43103
43104
43200
43201
43210
43211
43675
43676
43680
43681
43757
43758
43769
43770
43850
43851
43864
43865
43938
43939
43940
43941
44035
43937
43846
43756
47896
47897
47898
47899
47900
48044
48045
48046
48047
48072
48606
48607
48608
48609
48610
48611
48612
48613
48614
48615
