229854
4437124
726047
4323734
4409929
1129860
4477989
1799396
639466
4312504
4455990
213358
2020093
200605
180127
3548163
296752
4452949
2630939
734152
4308961
3689413
759363
4281508
823009
4423155
4474226
4304655
3106714
161506
2286116
308020
4379251
1106961
18466
420318
346735
940651
4391683
178438
150700
3802004
219508
832147
288404
4343596
3190878
815912
203454
4379602
4332942
266521
4344112
1928988
780514
1133483
547738
114015
2601820
4425448
2679838
2730777
3825327
4460175
180402
4015030
3431066
3836963
951205
593456
202229
269674
3014179
2745509
100316
4427993
3792137
4344031
4297587
201382
4366536
2521448
1142178
4428632
658040
4431138
699249
815762
4438491
708774
1130364
4340384
123662
281828
801940
4343117
1941303
4386156
567189
717487
576962
1142181
4431899
202459
4363260
4271527
1129716
285739
3064426
4042859
3726184
3192744
182569
1128285
1824285
114724
800075
202949
3269889
4322265
4423550
2679839
1837676
4344033
272303
237361
4479774
326629
202758
202294
82092
727248
4383289
3409375
795216
816797
535512
3366304
301537
3647779
3761685
530323
136727
202518
2361381
1718272
547183
4417185
3291002
150571
127534
256207
4455886
2909029
3871866
268769
2116283
2261036
426860
104534
795901
798326
836195
4426459
266495
202449
4336814
809807
4442864
4009970
4459468
4371218
252759
249835
3990168
201138
670696
2107103
4392815
515655
810216
4446882
172946
238870
2984017
1146308
729293
1133369
2941516
1127017
261768
573196
278436
1931714
823117
139347
1138804
4336154
201206
267007
101908
236830
4326474
4298210
2182540
4332943
180467
141395
4470884
3337473
4022282
4325496
530061
294612
203220
300695
284592
1604187
4399547
4424862
4349225
730039
220728
707472
222095
225636
200370
1104783
539547
4470394
4091454
4323100
670909
2683209
3390949
4377103
4363563
260063
553287
3256066
1127836
4463866
825815
292083
2843097
125020
732105
3779572
4363259
2014493
3770699
203529
239255
202302
203261
2170497
4368777
4097115
696036
687345
4251079
3594973
4458112
4409453
4332975
1145804
2335039
