229854
367523
4437124
4460931
1799396
4296608
136414
199828
4474226
4354931
200605
172946
296752
238870
4308961
539222
297086
229982
759363
3990168
818177
4304655
3106714
808695
539765
304382
3787592
281828
1786825
219508
3411374
4344112
2680998
547738
114015
4406763
119231
3431066
1133483
729293
202229
3014179
3792137
343668
108124
4297587
88848
251082
201206
104010
293434
699249
4438491
770657
1130364
4457249
804911
4343117
715138
4232137
2301651
318282
4455886
4446882
4351771
535510
290541
161220
2404302
164913
4398983
2679839
309766
4385066
841246
513826
4328888
202294
82092
4147840
4475735
2088685
269517
2103326
340397
182569
529442
3322007
1134608
4366456
261768
227130
299638
2335039
547183
223226
257898
111614
268769
3431067
795901
798326
836195
4426459
266495
202449
690782
4366536
809807
4009970
4371218
201138
4392815
515655
1129716
3548163
823009
2984017
1146308
2941516
132414
52397
150671
4336154
4391686
4298210
141395
4470884
200762
530061
294612
203220
284592
4261547
1604187
4399547
730039
1146596
200370
1104783
539547
4323100
670909
2683209
632092
300331
260063
553287
3256066
715430
2843097
4363259
3829182
301880
173306
239255
732106
203261
2170497
4368777
687345
420318
536947
949904
726047
4391683
272303
4312504
549759
2539596
2020093
6010
2030888
240030
734152
4282977
584502
4281508
3849894
4423155
161506
202080
308020
322383
940651
150700
832147
4343596
3407358
4379602
266521
322376
2838848
3825327
3836963
813376
4368205
2745509
149399
4344031
807337
2521448
812753
4332975
4431138
2012005
4386156
1142181
4363260
114305
3629722
4343334
98091
4425448
4477989
727248
237361
4479774
1106961
535512
202518
161018
150571
127534
292079
2116283
1070446
250288
104534
16272
3770699
4413327
2261036
4452949
951205
4342143
573196
823117
267007
101908
4326474
200436
4344033
3337473
136727
2909029
52036
222095
225636
4458112
4466628
2421042
18466
3464844
259321
825314
4459468
825815
561717
562925
125020
252759
1128285
2014493
3192744
242647
347595
696036
4251079
202196
4483176
227321
3594973
4479984
200279
1142178
4371796
102556
254542
564220
213358
305530
159805
2630939
3689413
168397
4409929
4329986
4379200
4379251
543245
195743
224198
3802004
288404
779373
3190878
815912
58314
203454
4332942
1928988
780514
17532
610967
200173
4460175
806814
4015030
844106
593456
4401868
179000
793380
184401
2984014
553290
4340384
263869
2414618
801940
1941303
567189
2437270
2811009
747039
3726475
4271527
3064426
4042859
114724
1837676
3761685
1136265
180127
899137
694268
3409375
795216
816797
301537
3647779
530323
285739
4375601
4417185
166429
4213092
1127836
2182540
201696
4431899
4442864
3779572
249835
670696
817699
4479541
810216
155181
203529
4022282
1967
249538
1127017
544773
278436
1931714
139347
619141
809436
2474588
708774
2679838
800075
4401305
829918
815762
300695
4377536
512263
707472
349318
4470394
4434334
299904
4377103
4363563
1116083
228584
4463866
292083
3392685
202949
14306
202302
821823
4097115
200466
291922
4399807
3390949
513052
337888
4322265
60610
881637
3744356
202758
4436944
4323734
160113
1138804
2286116
2372909
236830
1129860
178438
1133369
346735
3927137
523033
113368
3589625
180402
3291002
4372395
269674
4325496
4427993
818401
2175863
2601820
344325
4397177
804563
4476738
4428632
658040
509688
1121803
4375676
300727
4446818
4448789
579790
576962
587612
193598
202459
3294224
3726184
232590
2361381
141010
3618038
4393618
3871866
773201
3269889
4423550
275300
558772
326629
406361
231591
1118984
4383289
202341
824161
107637
2730777
936914
4437875
236403
2587360
3366304
4409453
1718272
277968
724147
1143371
256207
426860
4344030
4336814
1129723
639466
141782
4455990
1824285
244739
710049
268559
653625
1932084
2107103
4385854
225404
266622
516290
203472
1111696
52
717487
278072
191032
141088
2185597
100316
123662
4299768
1599709
4332943
180467
1140535
770090
4481901
1146677
3462709
1003894
4424862
4387052
4349225
1629627
722309
220728
723019
4091454
250269
571566
534156
4359916
1137245
530315
679616
110455
203151
664150
201382
741546
732105
2694193
214943
501876
1124068
18867
4406577
395893
1124893
2963552
3223797
209766
1145804
