229854
367523
4474226
4349619
547795
4460931
1116472
1799396
3899192
4386152
579266
136414
199828
4437124
352709
4349618
200605
267027
149095
4267879
296752
1963518
201026
4308961
4466628
1837676
297086
4417074
817295
834065
759363
4432907
250188
823009
4304655
3106714
1146308
4437452
847080
808695
539765
2679838
594168
4310799
620479
788933
4376730
3787592
817470
281828
348942
152946
290285
578646
4391683
3589625
3640585
169933
219508
291356
3254766
3411374
1147645
4389652
3892
2223778
207524
4418110
4083687
4344112
2680998
4444251
4423721
202279
547738
4470394
114015
4425448
4460179
2627106
162211
100328
119231
206066
202110
1718973
1133483
4446818
951205
4004098
4389302
4350673
312296
12481
4021998
575820
199983
593705
289589
3597424
343668
108124
4297587
88848
251082
658040
809436
104010
293434
699249
4438491
195743
4296608
159805
1130364
4457249
804911
104067
238890
390897
2335039
242352
4343117
694268
564864
326629
4232137
818177
1113653
4336348
318282
700579
4455886
4446882
4386156
3192744
4369839
535510
811806
555238
161220
800075
100316
202949
4398983
2679839
4447353
4385066
4401305
1967331
511200
202294
82092
243283
4147840
4475735
2088685
836717
2103326
340397
529442
4222439
321979
1122413
3322007
4294447
4366456
319706
261768
227130
299638
4374051
547183
223226
257898
140201
452424
111614
229982
268769
722791
566078
3431067
4342359
279044
795901
835532
798326
836195
335452
523761
577032
266495
98560
690782
4366536
809807
4009970
164913
201728
176242
3990168
201138
203137
4392815
515655
552808
1129716
327358
3548163
3091986
539222
2984017
136950
4479984
584476
686593
30366
3294224
4379200
52397
150671
4336154
740477
4391686
4298210
663899
270225
141395
289174
4470884
200762
829918
226314
530061
294612
203220
4377536
284592
619364
4261547
1604187
4399547
18084
614539
4464328
541205
576072
2541514
113993
1513052
4390728
200370
1104783
539547
60610
4323100
670909
2984011
2683209
1878663
287366
632092
4479774
74066
749636
260063
1131787
3256066
4379251
266484
760005
250567
288420
4464638
3950214
584502
2843097
835619
28429
3726475
4363259
304382
118018
301880
173306
277298
239255
732106
203261
2170497
3064426
317471
687345
233513
141782
1129723
224198
3092716
536947
4108286
111582
4399807
808267
1522124
301528
247376
949904
559753
827585
726047
1109328
4474675
2553816
146921
552862
220164
199436
339598
4312504
549759
1146677
2714175
806814
109057
568498
2020093
268585
2030888
200020
240030
726110
1141056
734152
103287
770657
93929
580377
2849206
4281508
3849894
4404362
4423155
4363563
161506
2000330
4196442
4392534
4415436
308020
269517
322383
774303
420318
940651
209952
150700
832147
843811
3749715
258655
698544
4405409
3688719
4354637
4379602
101800
266521
4415094
806700
141349
191213
322376
1786825
3174795
203454
2838848
4340429
548425
534672
288835
3836963
173296
813376
324136
1129115
4439913
4368205
2745509
4461517
149399
4344031
1928988
4445042
236403
650505
812753
528758
875406
729293
256432
4403441
4341949
4365208
2318997
740167
691759
4337602
4482284
730039
660890
4447237
222095
15609
2012005
300331
1843326
1118873
1115206
1143648
1142181
284008
4363260
114305
559924
298655
3629722
202518
4343334
98091
301717
4358107
594063
831195
141197
1122145
1125822
800428
164784
4477989
741546
1118984
237361
4447856
4303796
2207590
3829182
1106961
746370
4376591
139265
129486
4431138
535512
200455
4345443
39737
3203493
161018
4015030
150571
127534
252873
3025741
717487
292079
426860
3218678
663562
1070446
658364
104534
16272
775673
2116283
639310
4368777
125020
93487
249538
4413327
583622
15791
4374484
584663
696942
4452949
2224376
1140189
1117319
553849
4342143
658952
159367
573196
242471
823117
771
823226
3792137
101908
4326474
806676
200436
259799
3470777
4344033
3337473
3014179
4336479
2909029
512263
4286230
8194
2449279
2541517
1139503
4442688
4453908
1135847
4446626
290981
154833
225636
4458112
255056
1140419
2003850
1127836
3390949
4399236
1953696
1824285
2421042
346007
268923
634007
18466
3464844
54146
259321
336306
825314
4459468
4427102
825815
561717
4375676
2414618
613703
252759
1961476
1128285
4343435
2014493
3770699
242647
537598
347595
815435
534059
622212
202196
4483176
770090
1222
3594973
434992
208896
229118
328323
2389720
2107103
501876
1251
49231
4385854
349253
4482291
228584
136727
4419304
793380
193092
4371796
336499
561378
562730
4454164
102556
254542
564220
246601
3676485
1972501
305530
543286
298151
135186
3058155
820775
4428100
104936
2630939
2601820
1123168
3689413
168397
203413
543548
2851831
290085
4329986
1818574
3979167
152225
3785576
1133015
715430
2545405
543245
3664333
72653
615282
2581885
233988
4387054
540377
3802004
288404
779373
3190878
815912
4426962
769256
58314
1123337
4332942
4441040
269486
780514
2672862
3631907
4475689
17532
2663929
610967
4378235
206404
200173
4460175
236945
266820
520886
844106
79191
319260
4468833
3020522
593456
213358
111100
2858609
4215053
4401868
4401294
72480
549010
255981
179000
3105644
1130023
6010
1142178
184401
1125422
2724974
625188
548702
553290
837672
996510
767184
4340384
575997
263869
715138
153120
3202061
657848
801940
4426459
1941303
567189
182594
2811009
747039
314485
52036
158692
4395069
278587
4271527
287316
4042859
4352370
1146005
4425146
114724
3116298
2437270
535618
2301651
272134
3761685
1136265
48952
2370178
611320
1130065
1127610
3843950
4334584
1668820
899137
1965557
153593
4399328
198417
181532
1109493
816797
4472725
301537
3647779
530323
315115
285739
4375601
4417185
104691
4359916
166429
4282977
4213092
80101
589799
211601
247171
1846254
1147263
2182540
851138
3092940
3882796
4353811
4442864
4418129
541263
3779572
4386447
4395236
521724
670696
817699
4021961
4479541
810216
155181
4470867
203529
4022282
216451
1967
250886
43314
1127017
544773
278436
1931714
139347
3270001
1523543
201206
2474588
708774
3283943
37498
1133974
4431899
202528
202507
2404302
4444173
841246
182569
815762
354006
200629
294105
4097804
4468519
243172
219691
136285
1663
534023
203276
633082
146428
737520
707472
2828460
519270
4304452
112239
102747
4434334
570616
945028
299904
245254
4312480
696948
4377103
72205
220360
1116083
264140
298198
211527
564591
4463866
271544
4372395
285041
4352520
292083
751618
180127
3392685
2716598
4369138
4462692
4390249
674402
14306
4327059
202302
1115574
821823
1110170
4097115
266984
236830
518048
291922
4298922
824445
243779
202318
556165
4332975
4387049
250592
50206
4353106
513052
4323476
185977
337888
526963
4409929
1030652
2033050
2957822
309766
225042
297438
4328851
2175863
881637
802223
4474268
111520
4367238
112651
44257
3518314
3744356
202758
807929
4436944
513826
4439657
4328888
4323734
1767472
201959
4219827
160113
259652
4295908
1138804
4343596
2286116
2372909
4334586
811993
268871
562348
200466
3407358
2423264
130062
4419449
1129860
245228
178438
787483
1133369
346388
3936461
4044058
551282
346735
1777944
264416
106474
4401161
806767
2996647
4339110
647539
786223
295986
308163
218058
578414
3409375
660248
3793
180402
202951
697063
3258903
795216
1146596
209483
2954930
202746
202797
576989
269674
515322
226359
4427993
619141
818401
271332
812800
144924
3927137
819696
3721617
629139
1124893
804563
202504
4428632
4354931
509688
3623262
4460178
555844
1121803
238870
302639
2012210
809180
344325
300727
523033
3784054
145173
566726
4437874
4474638
4255849
71213
4448789
104684
4407748
579790
2717583
576962
587612
193598
202459
4466524
113368
132414
3726184
232590
2361381
167253
3618038
4393618
3871866
3431066
773201
3269889
4322265
4423550
653625
272303
558772
3825327
406361
2941516
231591
727248
4383289
202341
824161
107637
2730777
936914
4437875
43095
300695
2587360
3366304
593154
4409453
1718272
277968
3291002
724147
1143371
256207
164112
4344030
4336814
4345542
2261036
202080
275300
107282
553287
639466
141010
143944
752144
4455990
552169
807337
244739
710049
268559
4251079
1932084
346062
4403865
4172205
225404
2984014
266622
516290
203472
1111696
52
330398
250288
278072
4463685
191032
141088
2185597
349318
819537
549322
123662
4351771
4299768
1599709
4332943
180467
4451714
4381178
1140535
227321
4325496
4481901
239967
3397195
651366
4380675
90217
201696
3462709
1003894
290541
4424862
4387052
4349225
833346
1629627
1108220
202449
722309
220728
4220777
677077
202229
4406270
723019
4091454
250269
883
172946
696036
571566
534156
280092
1137245
2720387
530315
4453818
679616
551892
110455
203151
339685
664150
4476738
4371218
4328130
732105
1134608
562925
4406763
140806
2694193
4414872
214943
200279
2521448
249835
1124068
18867
4406577
395893
2539596
4397177
267007
2963552
227846
566513
1147044
201382
3223797
209766
4471194
1145804
